    1.4864340768E-03   -7.8589627390E-04   -7.1160834702E-03
   -6.2042424860E-03   -4.1723092188E-03   -4.0715540891E-03
    4.6842025518E-03   -7.8878790787E-03    3.3412640981E-03
    2.3847432429E-02    3.1402927393E-03    2.0459606367E-02
   -1.3944583870E-03   -1.8456007315E-04   -6.6219343700E-03
   -5.5102052020E-03   -1.4962652645E-02    6.4323625911E-03
   -1.9230702772E-02   -2.3091441501E-02   -4.0584800868E-02
    3.7355640904E-03    1.2328587661E-03   -6.1423002754E-03
    2.5315703827E-02    2.4567062351E-03   -4.5706964217E-03
    3.5078854958E-03    4.5084493140E-03   -4.4704103653E-03
    1.9776127938E-02   -2.3590081652E-02   -1.1126782806E-02
    2.2930190714E-02   -4.7683659750E-02    3.7525218587E-02
   -6.1439067152E-02    2.7130706319E-02   -6.5229434118E-03
    6.1138784449E-03   -3.7942823912E-02   -1.0457389735E-02
    5.4966752774E-03    1.3589600369E-02   -1.3908154667E-02
   -2.2593108860E-02   -5.0265872866E-03   -1.4532336440E-02
   -1.8555252298E-01   -2.9883770716E-02    6.1875279594E-03
    5.3785575931E-03   -2.1171149332E-03   -1.4102104783E-02
    1.7366714720E-02    7.2205880255E-03    4.6666743781E-03
    3.2564909111E-02    1.1382724515E-02   -1.3850522773E-02
   -2.2540044899E-02   -2.3496019974E-02    6.0807465748E-02
    5.2305748574E-02    1.5750034925E-02   -2.2715208108E-02
   -1.6125865513E-02   -1.3385403867E-01    1.7075195622E-01
   -6.3954969161E-02    2.1660327771E-02    6.9992274338E-03
    1.5063566720E-03    2.8344190322E-04   -1.0348482109E-02
    9.1329626342E-03    2.3802589550E-03    3.5361671660E-02
    6.2012946469E-03   -1.8147438826E-03   -9.7748376490E-03
    6.4588960078E-03   -3.8469750796E-03   -9.5233175383E-03
    5.9776815259E-03   -3.4661568403E-03   -2.9958434449E-02
   -2.0545115778E-02    2.5249933972E-02    4.6049849704E-03
    7.4185310341E-03   -8.5382292964E-05   -9.0433597818E-03
   -1.5309474236E-02    1.3911945881E-02   -4.6904980611E-02
   -1.3804088991E-02   -7.6756934588E-03   -1.6158311277E-03
    2.1075681503E-02   -3.4994180326E-02   -5.1022288251E-02
   -2.1833728703E-03   -9.8437240335E-03    7.8580189891E-05
   -4.7491431599E-04   -1.6480247469E-02    1.2709494095E-02
   -2.4439154414E-02    9.2941389881E-03   -3.0050899039E-02
   -2.8937089986E-02    1.1585065647E-02   -3.5238690792E-02
   -3.7647874009E-02    1.1525753179E-02   -3.7777583177E-02
   -3.5211852898E-02    1.2405631336E-02   -3.8860502232E-02
   -2.6936071726E-02    1.0418307650E-02   -3.2925055394E-02
   -3.0113582829E-02    1.3061552085E-02   -3.6284911605E-02
   -5.2421763403E-03   -2.9954588641E-03   -1.0756186705E-02
    3.4047541125E-03   -2.1437168123E-03   -6.7796976053E-03
    2.9545923917E-04    6.4839978962E-03    5.5769955438E-04
   -2.2802914281E-03    4.4783122264E-03   -5.1454315004E-03
   -2.8749171816E-03    2.2770679158E-03   -1.6354593435E-02
   -5.3190496901E-03   -1.5247977565E-03   -1.4184374375E-02
    2.1827087326E-03    8.6978953824E-03   -3.4441433043E-02
   -4.3888703042E-03    3.5204189437E-02   -5.5217416833E-02
    1.4963667058E-03    9.9338345594E-03   -1.8322888468E-02
    2.9588252531E-03    1.3683877482E-02   -1.3375543673E-02
    7.1315478733E-03    3.9271660637E-03   -5.6671809541E-03
    1.1243759032E-03    1.1827439026E-02   -4.5009655191E-01
    5.7042367297E-02    1.4730015521E-02    3.0714924964E-02
   -1.5834341873E-02   -6.3458262576E-03   -1.4245474620E-03
    7.4902801866E-02    7.7134126334E-03    1.7540644926E-02
    4.6054716026E-03    5.7880937890E-04   -9.6928536650E-03
    1.8607312814E-02    1.0832342289E-02    2.8420934899E-03
   -2.1202413192E-02    2.3085009212E-03   -9.0084100312E-03
   -8.6313676709E-03   -8.8453169166E-03   -1.1019582434E-02
   -2.2622681600E-02   -2.5453805156E-02    9.8794296676E-03
    3.3962139067E-03   -1.0513282630E-02   -1.1430746583E-02
    2.3249958037E-01   -7.6039792700E-02    1.1218049989E-01
   -3.2064612321E-02    6.4876854958E-02    3.0099207435E-02
    7.2358059055E-02   -5.3716878659E-03    7.1470603007E-02
    8.3873080453E-02   -5.9411905963E-03   -4.6490087758E-02
    1.7653624741E-03   -1.0423828987E-02    5.7192534495E-01
   -1.8561556235E-02    6.5032484045E-03   -1.6039169559E-03
    2.1264114228E-02    4.1763455852E-03    4.0325149787E-02
    2.7443124297E-02   -5.4107935677E-03    2.4644265052E-02
    3.6912125747E-02   -7.7549445192E-04    4.9134237017E-02
    2.6399047512E-02   -7.9642043736E-04    4.7006172012E-02
    1.9808620254E-02   -9.1872693446E-04    3.1598602318E-02
    1.8073128196E-02    1.3869531974E-02    3.1980368640E-02
   -6.2813523550E-02   -1.5153620727E-01    1.0769878540E-01
   -6.7250725961E-02    2.6069651344E-02   -2.9768542129E-02
   -4.0619295796E-02   -5.0958410649E-04   -4.0957330011E-02
   -2.4599017418E-02   -8.0679426395E-03   -1.0013409675E-02
    1.9795938178E-02   -2.4538039074E-03   -9.8393953104E-03
   -8.1925250532E-03    1.2024481017E-02   -8.5475141311E-03
    2.1592876216E-02    5.3679183756E-02    1.4266239865E-02
   -1.8333736872E-01    1.2851285660E-02   -1.2553799121E-01
   -1.3357101593E-01    3.9282902795E-02   -2.2048564817E-02
    1.4581145314E-02   -1.2162970263E-01    1.1802416281E-02
    8.7340476581E-03    2.0094876692E-02    9.7135392427E-04
   -7.2607995262E-03    3.9146452879E-03   -2.1055409641E-02
    1.7986991580E-02    1.4504658842E-02   -1.9729009112E-02
   -2.9388940755E-03    3.0789664054E-03   -2.6829717985E-02
    2.5933732788E-02   -1.8157362771E-02   -2.2544879790E-02
   -3.4242358252E-03    2.8828982204E-03   -2.0779090308E-02
    6.7527168769E-03   -2.9493743359E-03    2.4657813357E-02
    2.8936398235E-02    1.2746972295E-02    5.6826329746E-03
    2.2863891661E-02    4.7313759833E-03   -1.6281511740E-02
    1.2446110951E-02    2.9628002212E-02   -1.0671103348E-02
    4.0666804716E-02    3.0707671944E-02    9.5533319311E-03
   -6.7947140728E-03    3.8869121058E-03    1.4021302778E-03
    3.6838552621E-02   -1.3963519716E-02    1.9662269055E-02
    2.5078759470E-02   -7.4228158706E-03   -7.9221630363E-03
   -2.1900823590E-02   -1.9614471911E-02    3.4033881495E-03
    1.7667374999E-02    1.4453618822E-02    9.1087245520E-03
    6.9728604033E-03    8.6519607164E-02    1.4426536941E-02
   -6.3889318923E-02   -1.5289456280E-02    2.7747450563E-02
    8.9242239127E-02   -2.9300864077E-02    1.4436252974E-03
   -3.9393936677E-03   -4.5243285103E-02   -5.5574452355E-02
    1.8533273840E-02    7.1399924690E-03    1.5817320232E-03
    2.0709682682E-02    4.2634088999E-03    1.9183426589E-02
    3.5203310548E-02    1.8368440087E-02    8.0449085518E-04
    4.7503611328E-03   -3.3368976518E-04    6.7956799517E-03
   -1.7660493454E-03   -1.7206246984E-03   -1.1782590960E-02
    7.2963611372E-03    4.5781007679E-03   -8.7573318420E-03
   -8.2795895107E-06    2.0522707888E-02   -2.2498077910E-03
   -3.1994659473E-03   -3.1549904256E-03   -9.2517441277E-03
    7.4167465672E-03    2.2521367338E-02    1.0259964694E-02
    1.4042193468E-02    1.2073260405E-02    6.2894397103E-03
    4.5789030637E-04    1.2887144638E-02    7.7378204425E-03
   -3.7987427522E-02    3.7594505366E-02    2.6068201721E-02
   -1.8204077856E-02    3.6768574142E-02   -6.1819868819E-04
   -2.0968437182E-02    1.5599609334E-02    2.5704657215E-03
   -5.4010261643E-03    1.9787302402E-02   -3.3621823974E-03
   -7.1738120169E-03    1.2981313886E-02   -1.0682280254E-02
