   -2.1751717554E-03   -4.3928478282E-03   -3.2075883431E-04
   -1.1347190187E-03    4.9060547608E-03   -1.6205739947E-03
   -6.6288933542E-03    5.2207977246E-03   -2.8556805325E-03
    2.1906728508E-03   -7.0180689799E-03    1.3426698591E-03
    1.5232959709E-02    1.7436546366E-02   -1.3240103325E-02
    2.5083573137E-03    2.0260444083E-03   -4.7885584317E-03
   -3.8022362117E-03    8.8737003326E-03   -2.2723950064E-02
    1.8793545385E-03   -8.7105071691E-03   -8.0361916189E-03
    8.3096067131E-03    5.8197856938E-04   -8.7070104906E-03
    6.7468077710E-03    1.3831657749E-02    2.0960783509E-03
    6.8432599062E-03   -6.6018601024E-03   -3.6224383605E-02
   -5.3547230050E-04   -5.1430251763E-03   -1.4521149456E-02
   -1.4033512190E-02    4.0634917576E-03   -3.3283405993E-03
    1.9217178848E-02   -4.0810490976E-03   -1.1329447240E-02
    5.6785438423E-03   -3.2250487732E-03   -1.2267427742E-02
   -6.4451391359E-03   -6.9160035796E-03   -1.9786054606E-02
   -1.2200134236E-02   -1.8808829698E-02   -1.7085311728E-02
   -8.5612389249E-03   -1.1027409434E-02   -1.2278519886E-02
    7.6282606054E-03   -4.4357125634E-04   -1.1202703867E-02
    4.7977784134E-03   -1.0404003075E-03   -1.0944526920E-02
    1.9622385575E-02   -1.8797706026E-02   -3.7868631248E-03
    1.5164396302E-03   -9.1086854180E-04   -7.5869909086E-03
   -1.1107797542E-03   -4.5005262236E-02   -5.5901189431E-03
    4.3142134990E-03   -1.4856990835E-02   -1.7375125499E-02
   -8.1448640896E-03   -4.5402292729E-03    1.4485622784E-03
   -6.4388274339E-03    1.6898376376E-03   -3.7127416723E-03
    7.0693685537E-03   -1.4162455302E-02   -3.0875388719E-02
    2.7978428204E-03    1.5345641167E-03   -6.5036329658E-03
   -2.8290621187E-03   -8.8353237055E-04   -5.3452951824E-03
   -5.0713974049E-03   -3.2997620537E-03   -5.1474830660E-03
   -7.6708218607E-03   -2.1365621429E-03   -6.6648979731E-03
   -2.2457756765E-02   -1.6117082201E-02   -1.2706743840E-02
   -5.5573242974E-03   -7.4759025188E-03   -5.3212324273E-03
    9.3998311388E-03    2.0654319901E-03   -2.6240446790E-03
    3.6040685328E-03   -9.2174352695E-03   -9.2057678456E-03
    2.1544145443E-02    2.0741924814E-02   -1.5652536088E-03
   -7.5156695411E-03    2.1173549216E-03   -1.9957649760E-02
   -9.4412248360E-03    3.3660645862E-03   -2.2748370069E-02
    5.9146843237E-03   -1.1256814933E-03   -9.8849928891E-03
    2.4710813232E-02   -2.1922749989E-03    3.2264677241E-03
   -4.5773983611E-03   -1.5175382117E-03   -1.5740838681E-02
    5.5435526124E-02    7.1066273128E-04    6.3611141934E-03
   -1.7081570085E-03    7.1486908347E-03   -1.5207875404E-03
   -1.0592700664E-03    6.1512941982E-03   -1.9662396904E-03
   -2.3065594120E-03    4.3789060045E-03   -4.8044815846E-03
   -5.4959651574E-03   -3.4540734712E-03   -1.1095746846E-02
    1.0231963582E-03    5.8674219200E-03   -8.7713868671E-03
   -3.7807188238E-03   -6.7286952484E-04   -7.7943573459E-03
   -7.8705581905E-03   -1.7128398522E-05   -7.9900743867E-03
   -5.4603394140E-03   -5.0155754634E-03    8.3411292524E-03
   -1.3829004844E-03    4.5425561367E-03   -5.4269426545E-03
   -5.9079314618E-04    6.0247102896E-03   -6.5321252484E-03
    5.5842648983E-04    4.0362733781E-04   -6.1905903147E-03
   -7.0713927369E-03   -2.7133404786E-02   -2.6945733624E-01
    8.1842650962E-03    1.6627103314E-03    8.7741222865E-03
   -2.0117522313E-02   -1.6807278726E-02   -1.5735739400E-02
   -2.1412367364E-02   -1.7885025728E-03   -4.5527727345E-03
   -1.6293482378E-03   -8.9921018209E-04   -1.5326150896E-03
   -7.4055032700E-02    6.0913537469E-02   -1.4250401105E-01
   -6.2690760935E-03   -1.0319877615E-03    5.0368232056E-03
   -2.3821899014E-02   -3.2220137198E-02   -1.7284484430E-02
    1.7308059384E-03    7.7921904122E-03   -1.9739279601E-03
   -2.1060180816E-03    6.3458897703E-03    1.2701082883E-02
   -2.2638185596E-02    7.6424112197E-03   -1.2995788883E-02
   -7.9895567439E-03    1.7644177060E-02    9.3988144176E-03
    8.3196550874E-03    9.3119545357E-05    6.1092433797E-03
    8.2323121917E-03    4.1445631707E-04   -1.0444062859E-02
    1.0937302095E-02    7.2064304669E-02    6.1297161612E-01
   -3.3849947484E-02   -1.1796355515E-02    1.4457517073E-03
   -3.8093732288E-03    1.4437313047E-02    2.0030525421E-02
    2.8994546205E-03    3.1695416071E-02    1.8006724641E-02
   -8.5634052723E-03    1.6597593478E-02    2.2823426231E-02
   -3.3971380636E-02    3.1681957310E-02   -3.1118965219E-03
   -1.2170709342E-02    7.9269760417E-03    2.3553051417E-02
   -5.1821758243E-02    3.1239484765E-02   -1.4051746980E-02
    2.8330939556E-02    2.9501091224E-02   -6.0895344807E-02
   -1.3303451078E-02    1.0442908085E-02   -4.0579127909E-02
   -3.1543918622E-03    1.8686576497E-02   -1.8722360517E-02
    8.3514387649E-02   -6.1204761986E-02    6.0493020997E-01
    1.1668245872E-02   -1.8826019902E-02   -2.4899834415E-02
    5.7603204451E-03    5.7497904172E-03   -4.4945924777E-03
    1.6676095130E-02    4.0501050438E-03    1.7457244538E-02
    2.5039099100E-02   -2.4738962649E-02   -4.6388995971E-03
   -2.0432758274E-02    2.4573705108E-02   -3.9182308129E-03
    7.6709851530E-03   -2.6462901356E-01   -2.0595958045E-02
   -4.8533839417E-03    1.6585542004E-02   -1.3694385621E-02
   -1.2458870608E-03   -1.6222208147E-03   -6.0756740914E-03
    1.5581641003E-03   -7.5010031938E-03   -3.5758293823E-03
    3.3162761766E-03    1.1313341056E-02    3.1106706263E-03
    3.0987731073E-03   -9.3480089079E-03    4.8434470349E-03
   -5.1921350334E-03    3.9425649652E-03   -6.9318323024E-03
   -3.7854368068E-04    3.2199578609E-03    8.4625833741E-04
    1.1806738813E-02    1.4786426256E-02    5.3575936054E-03
   -4.6236030132E-04    1.2031892263E-02   -1.0927609940E-02
    3.7909050799E-03    1.0167125502E-02   -9.9330295263E-03
    6.0246228969E-03    1.6022667429E-02    8.3203522678E-03
   -3.4339453381E-03    2.4303079811E-05   -3.5539055036E-03
    2.4784711967E-02    1.8511927096E-02   -6.6999048153E-03
    9.6485011243E-04   -3.1627164629E-03   -1.9164784746E-03
    5.9111726698E-05   -1.8051253171E-03   -5.5814135131E-03
   -6.5582279307E-04    1.9472535612E-03    2.9908900997E-03
   -9.9386267339E-03    4.9048895180E-02   -6.1308853531E-03
   -1.2022467726E-02   -8.2888181435E-03   -9.3600112611E-03
    3.5700409928E-02   -2.0755480825E-02   -3.0882516438E-02
   -3.3186175454E-02   -2.5861699118E-02   -2.1444692317E-02
    5.1073641005E-03   -5.4956320119E-04    3.0950020852E-03
    9.5475979085E-03   -1.3897002740E-02   -6.3268469500E-02
    1.0492520138E-02   -5.3314827915E-04    1.8741932023E-03
    1.1459614522E-02   -9.5488852932E-03   -5.7158310971E-03
   -3.5522826670E-03   -1.4159545309E-03   -6.1932735501E-03
   -2.7427877408E-04    6.6476530097E-03   -6.4995027919E-03
   -4.2699444814E-03    4.7575179378E-03   -9.0319124388E-03
    3.0672852714E-03    1.1815295238E-02    2.1901679622E-03
   -7.2008649643E-03    1.1276004423E-02   -6.8344554959E-03
   -1.0281409377E-03    3.3884652271E-03   -1.1330075639E-02
   -3.4043517376E-03    1.5926131210E-03   -4.2239679050E-03
   -6.4610784750E-03    6.1457650806E-03   -7.3358070755E-03
   -2.2453413547E-03    6.6032048421E-03   -9.5677081797E-03
    3.4378131859E-02    4.6736834614E-02    6.5568152746E-03
    6.7556635026E-03    1.2955382518E-02   -1.1984395068E-02
    4.5850680885E-03    2.0358135818E-04   -8.1619130838E-03
