   -1.7112995539E-03   -4.2905312327E-04   -2.6584753193E-03
    8.2854392183E-05   -1.9088712403E-03   -5.1954558737E-03
   -2.9962902240E-05    1.1689598105E-03   -2.5823132708E-04
   -1.9269892859E-02   -5.5033860617E-02    5.3999939238E-02
    3.4064357717E-02   -2.5518127079E-02   -7.3267357910E-03
    1.4111446725E-02   -6.7888392872E-03   -6.5378278235E-03
    7.7432548092E-03    1.9500808536E-02    1.1867773446E-02
   -1.5063034488E-03    7.4311724531E-03    7.6696957985E-03
   -3.8005580383E-03    6.7630759312E-03    8.9421137088E-03
    7.3093597134E-03   -1.4961277346E-02   -5.9285846142E-03
   -5.4901435243E-03   -5.8747798422E-03    7.1521884507E-02
    6.9084896504E-03   -1.8257459466E-02    2.9388520447E-03
   -2.1264310649E-03    4.3434167666E-03    4.3982444175E-03
    2.1881803928E-03    4.7160019730E-03    5.5124549828E-03
   -3.0665961879E-07    9.4248897970E-03    6.7147277595E-03
    8.7967803024E-03   -7.8061978828E-03   -6.5716788535E-03
    7.7205767473E-03   -1.2558945645E-02   -6.6759207839E-03
   -3.4899836557E-04   -4.8758052058E-03    4.3149847383E-03
    9.2719071606E-03    2.5001929785E-02    9.3826886636E-03
    1.2287361743E-03    3.4174462443E-03   -5.1853180969E-03
   -1.3960669482E-03    1.3371260006E-02    4.2087859131E-03
    1.7834255786E-02   -4.7949235522E-03   -1.5376146216E-02
    3.8656532376E-02   -1.9332640978E-01    3.0677842228E-01
    2.5340637275E-03   -2.1046387879E-02   -1.0017371814E-02
   -4.3033525660E-03    7.3060200160E-03   -3.2294965420E-03
   -2.6433361726E-03    5.2338350654E-03   -4.1512179898E-03
    1.1863165966E-02    1.7211856641E-02   -7.6246191683E-03
    7.8202509761E-03   -4.3282793771E-03    1.6162307160E-02
   -1.0541056913E-02   -1.0199371409E-02    1.0539592748E-02
    5.3675450155E-03   -1.1919769912E-02   -2.0974257339E-03
    2.5397020762E-02    1.1487657903E-01   -4.4312294783E-02
    4.0003897362E-03    3.4022328519E-03   -8.5497388432E-04
   -2.3605161366E-03    4.0621991927E-03    3.2103680683E-03
   -2.0346996759E-03    3.7099082067E-03    4.9629114793E-03
   -1.2919443977E-03    2.3799408688E-03    7.3638037571E-03
   -2.5155203346E-05    7.7653992139E-04   -5.6598123182E-03
   -5.0121455307E-03    4.6046288240E-03    3.8147699855E-03
    3.7267486569E-03    1.1163020850E-02    8.6491181862E-03
    1.4192001489E-03    5.1588329749E-04    1.4637647695E-02
   -4.5855159932E-03   -1.1509499190E-02   -1.5239827450E-02
    6.4576722552E-04   -8.8838079790E-03   -5.4856479778E-03
    4.8388078087E-04   -1.4362919160E-02   -1.3991092208E-02
   -4.2693676908E-04   -4.7754306932E-03   -1.2659277298E-02
   -1.6955559096E-03   -1.4200696089E-02   -2.9760430671E-04
   -1.9794871754E-03    2.9298668705E-03   -1.6328145044E-02
   -4.5222698972E-03    5.2034577218E-03   -1.0703825886E-03
    5.3648639703E-03    2.8097082222E-03   -1.1773794692E-03
   -9.8406020585E-04    5.0242148397E-04    1.1830766483E-03
    7.4447651149E-04   -3.1172477863E-02   -3.1341193482E-04
   -7.1421894274E-03   -6.0928567669E-03    1.8991901769E-02
   -6.4849058261E-03   -9.6098492257E-03   -9.3090417983E-03
   -5.0475980241E-03    6.6936380797E-03    5.4234672414E-03
    8.5173229006E-04    1.4362510612E-03   -3.0800084398E-04
   -3.2678284810E-03   -1.0781818413E-03    4.5397920508E-03
   -5.2595104759E-03    1.1684786122E-02   -1.1514210786E-02
   -3.3530179191E-02    2.9055474945E-02    1.1440465579E-02
   -1.4400141268E-03   -3.2137080676E-02    4.8778386454E-03
   -2.1901080601E-03    2.6460299784E-03    5.7595242526E-04
   -2.8974069741E-03   -1.5914777757E-03   -1.0035570615E-03
   -1.2742348866E-03    3.5612428640E-03   -6.2059739945E-04
    1.1343525716E-03   -9.9878909447E-04   -2.7947376803E-03
    9.7780947686E-04    1.5722797084E-03   -2.2339356810E-03
   -1.7444247106E-03    5.5564719969E-04   -2.1899702657E-03
    1.4593613057E-04   -7.0336700155E-03   -5.3564278653E-03
    2.6005494428E-03   -7.5069089405E-03   -3.6616683340E-03
   -3.0124091192E-03   -2.1561259662E-03    2.5643344020E-03
    3.0249407297E-03   -7.1634304170E-03   -4.3592485631E-04
   -3.2755567679E-03   -2.1226348795E-02    1.2960860541E-02
    2.7266134220E-03   -4.3674406910E-03   -2.8283965664E-03
    1.7741841039E-03   -3.9061572059E-03   -1.2815910049E-02
   -1.6438806087E-03   -7.8007616093E-03    4.1256965852E-05
   -1.5227054650E-03   -6.5523855054E-03    3.1845782816E-05
   -1.1415351892E-03   -1.5443305374E-03   -2.7182940658E-03
   -1.2318016754E-03   -2.0106454259E-03   -2.2561515218E-03
    8.9397322342E-03   -3.2016525682E-03    3.9897004987E-03
    2.4512145138E-01   -8.4264244618E-03    6.5761418487E-02
    6.2070670508E-03    2.0134453046E-05    6.5469003863E-03
   -1.5568539851E-03    1.2510978734E-03   -3.5717506297E-03
    1.0139222823E-05   -1.0176266884E-03   -1.0876084994E-03
   -4.0420046949E-04   -2.4898544605E-03   -2.4354582217E-03
   -2.0391268813E-04   -2.8505457297E-03   -2.1894908604E-03
    2.4091354379E-03    1.5691414769E-03   -3.4749243408E-03
   -6.8129237774E-04   -1.5943271645E-03   -6.0669548049E-05
    1.3780528781E-04    1.2328458882E-02    4.3374718509E-03
   -4.6352467273E-03    6.2187434937E-03   -9.7447053476E-03
   -2.2193627296E-03   -6.9689034864E-04    3.6004857564E-03
    2.0373712970E-03   -7.9180395207E-03    1.2395962164E-02
    9.6726915731E-04   -3.2042627214E-03    8.8422711264E-04
    3.0412067940E-03   -2.7657684650E-03    7.0247570895E-03
    3.4363274774E-03    7.9951856566E-02   -6.4573095052E-01
   -4.2746010312E-03   -2.2184011566E-03   -1.2076096322E-03
    2.1779053079E-03   -1.0135016443E-03    1.5564470760E-03
    3.6300329342E-04    5.5334351737E-04    3.9705741850E-03
   -1.9235198177E-02    7.3788788003E-03    1.9488980935E-03
    2.5814032585E-02   -1.9411328229E-02    1.7932762304E-02
   -7.6024272743E-03    1.3762574991E-02    6.7278249604E-03
    8.8936859122E-04   -8.2288182533E-03    2.4688521025E-02
   -2.8566878812E-03   -2.0369732681E-03   -1.1151785050E-03
   -1.7316545822E-03   -5.5123841619E-03   -3.9290597165E-03
    2.4525723585E-04   -1.8258477877E-03   -1.1933052717E-03
   -8.1596900903E-04   -8.5617321173E-04   -1.0029600856E-03
   -3.1106387929E-02    3.3561687935E-03   -3.0230930599E-02
    1.0134698646E-03   -1.9443140884E-03   -3.0294745997E-03
   -2.2992321808E-04   -1.8883547579E-02    1.5663068821E-01
   -4.6122505900E-02   -2.1797998010E-02    2.6923793421E-02
    1.0604964974E-02   -3.9758361252E-03    5.1046747233E-03
    1.2514987688E-02   -4.7961544035E-03    5.9814176172E-03
    8.6930287487E-03   -3.8451910327E-03    4.7948862188E-03
    3.8435248763E-03   -3.0670431534E-03    1.7725512610E-03
    2.3040684830E-03   -2.4652596039E-03    9.1571911697E-04
    7.9903917748E-03   -2.3924915844E-03    1.9568679887E-03
   -3.9313748813E-04   -1.1151827653E-03   -9.6417584355E-04
   -1.1689252621E-03   -6.9714763697E-03   -1.5075145265E-02
    3.7339809932E-04   -2.6166457671E-03   -1.8099453041E-03
   -2.5238651632E-04    1.1930700862E-03    8.1068127506E-04
   -4.3592910174E-04    5.1464010112E-03    7.5247971293E-03
    1.3910216508E-03    5.5409818353E-03    8.0517251521E-03
   -1.0813192608E-04   -2.1382767441E-03   -1.1319196089E-03
   -1.4593513488E-03    1.5740528582E-02   -1.2764666793E-02
    2.3925613173E-03   -1.6428554776E-03   -1.8017841028E-03
   -5.6308477099E-03   -8.9732839781E-04    6.8864307160E-03
   -1.4149914763E-04   -1.2322360824E-03   -1.5647972087E-03
    2.9826121137E-05   -4.0565140770E-03    1.4588077219E-03
   -1.0231056366E-01   -1.9458128735E-02   -5.5960698014E-02
   -1.0466183929E-01   -9.7922455814E-03   -4.6497231972E-02
    3.7261821659E-02    4.1848925146E-03    1.1129443380E-02
   -2.9657318836E-02   -2.6649589804E-03   -1.4738478692E-02
   -8.4600305123E-02    3.0426182098E-03   -1.6417261334E-02
    1.5182542821E-01    2.3104524455E-02    6.9642269379E-02
    4.8608322265E-04    3.3513210901E-03   -5.0448819026E-03
   -4.5961665793E-04    8.3551447376E-04   -1.0733812889E-03
   -1.0534300024E-02    7.1232604008E-03   -6.6866284270E-03
   -1.6477922152E-01    1.5542857107E-01    1.1622268310E-02
   -2.5234788000E-03    1.1901137226E-02   -3.8406144128E-03
   -4.0153278962E-03   -1.9593245178E-03   -7.0554524222E-03
   -4.4198690439E-03   -1.8928838268E-03   -7.1806887050E-05
   -8.2952573890E-03   -1.1842329201E-02    6.3230165625E-04
    3.2593150443E-03    9.8695633637E-04    3.0880730382E-03
    1.1359807184E-01    1.1403600287E-01   -7.4358643293E-02
   -4.1588332285E-02    4.9362695327E-02   -3.1282514128E-02
    1.5799504092E-02   -5.9048585333E-03    1.3232672685E-03
   -6.2674204411E-03    1.0771823111E-02    2.3201182228E-03
   -3.7968838107E-03   -7.7463616642E-03    2.7153080300E-03
    2.4555081269E-02   -8.9207404387E-03    2.9160596417E-02
   -4.8473563833E-02    1.1830852357E-01   -2.7949890278E-02
   -1.0189221193E-02   -7.3212481992E-04   -8.4594980258E-03
   -1.0649643185E-02   -5.9247687201E-04   -1.0885864134E-02
   -1.1375743417E-02   -1.4339082018E-03   -6.1776469161E-03
   -4.2692940901E-03   -5.6457507627E-04   -3.8402030002E-03
   -3.9775311817E-03   -2.0893489049E-03   -1.8299430542E-03
   -1.0609281124E-02    4.8560453028E-03    2.6018413515E-03
    9.4649724152E-02    3.5710465670E-02    2.0244186369E-02
   -2.0706739175E-02   -2.8336014431E-02   -1.3928523436E-02
    8.9818866991E-02    1.4717597365E-02    7.0007767384E-02
    2.4530268129E-02   -4.3910532462E-02    1.8803092577E-01
   -1.5439820078E-01   -4.3452705759E-02   -8.4338917614E-02
    3.1173266298E-02    1.7823175247E-03    1.9904855782E-02
   -3.2284379837E-04   -5.3098288819E-03    2.6789090549E-03
    5.4615772115E-04   -6.5701087647E-03    4.3131781096E-03
    3.8463855389E-02    5.4795334169E-03    2.6090120006E-02
    5.2428474896E-03    3.5922683195E-03   -5.0870189990E-03
    1.4590189484E-02    6.8880287594E-03   -6.6638193895E-03
   -1.4962212111E-03   -1.1351843343E-02    2.5664460599E-03
    1.8847216676E-03   -4.8380793157E-03   -1.0437313981E-02
   -3.3841010590E-04   -6.7483132590E-03   -5.5664018556E-03
   -5.0154985125E-04   -3.3648303865E-03   -4.9233058900E-03
   -1.0349578118E-02    3.7169346833E-03   -5.8279185717E-03
    5.2373484532E-03    8.8286473980E-04   -8.3996052696E-03
   -2.1311411197E-03   -1.1555636228E-02   -1.5439952260E-02
    4.5888590023E-03   -6.2171908033E-03   -4.1242474563E-03
    6.7148401022E-04   -1.0771856552E-02   -8.5421325605E-03
   -1.8501008599E-03   -7.0600069137E-03   -3.4587799210E-03
    5.3402890786E-03    2.2154335313E-02    9.0595877205E-03
    5.6807410818E-03    1.1772249378E-03    4.5082186063E-02
    4.2505356373E-03    1.7716743894E-02   -1.1016923305E-03
    6.1946811070E-04   -5.5134495340E-03   -7.9189070339E-03
   -2.7677484570E-03   -8.7018761463E-03   -1.5106126742E-03
   -1.2870549315E-03   -8.3459945811E-03   -1.7104872761E-03
    1.5945077688E-02    1.4332748578E-02    9.6386272473E-03
   -1.1373447793E-03    3.3688246154E-04    7.8334282823E-03
   -3.8266882910E-03    4.0205825674E-03    2.1731763165E-03
    2.6997964032E-03   -1.8606071121E-03   -4.8094435380E-03
   -2.4060141387E-03   -1.2557956373E-03   -1.0085643783E-03
   -1.7718492237E-04   -1.1530906556E-03   -1.9372966367E-03
    7.3091848039E-03    8.4702771356E-03   -2.5945340832E-02
    5.0629732640E-03   -9.4212078325E-03   -1.4840438051E-02
   -3.1047013717E-03   -9.6031886129E-03   -5.6819699509E-03
   -3.9138550546E-04    4.0003891161E-03    1.3770041186E-02
   -3.1868578841E-03   -1.1549033941E-02   -9.5674701792E-03
    4.5248465963E-03   -7.1682178863E-03   -1.1099031628E-02
    1.6462485848E-04    6.5766045795E-03   -6.6509460081E-03
   -2.2463380107E-03    2.4462486187E-02    3.8328841515E-02
    2.5770401636E-03   -2.7054707966E-03   -7.0637274336E-03
   -1.1488284379E-03   -1.0152695481E-02   -6.7487896192E-05
   -4.0267675664E-04   -8.6871421102E-03    2.6478726014E-03
   -1.7295530307E-03    4.4126698519E-03    1.7905801082E-03
   -2.0226051735E-04    4.3249511403E-03   -1.1888653520E-03
   -8.1447230320E-05    2.7849585063E-03   -1.7349728194E-03
    1.7795486798E-03   -6.9942668124E-03    2.0518640020E-03
    3.2872882647E-03    2.5547227991E-03    2.9225388351E-03
   -1.3352073911E-02    1.5241283899E-02    1.6751231601E-02
    7.0899411461E-03    9.5628174254E-03    2.7724125441E-03
    1.4568233889E-03    2.0220692126E-03    4.8204874203E-03
    5.9719774415E-05   -7.4086093233E-03    2.3433016041E-03
   -3.8204619048E-03   -5.8289641497E-03    9.5867051611E-04
   -9.2720917541E-04   -1.2532292750E-02   -7.5138316096E-05
   -3.3197093498E-02   -3.7929136519E-03    1.6467669851E-02
   -3.6037270832E-02   -7.2246101921E-03   -2.4023523186E-02
    2.1392100951E-03   -2.7846531285E-03   -1.3731771410E-02
   -9.3796710231E-03   -5.1417091907E-03   -1.1185577632E-02
    3.2995167981E-03   -3.8236578136E-03   -4.1833856291E-03
    7.1815123002E-03   -1.1171710203E-02    6.9519284844E-03
   -2.8002693778E-02   -4.9570892469E-03    1.5231603941E-02
    1.8488783946E-02    4.4244837358E-03   -1.7189063476E-02
   -2.5485947854E-02   -1.0443840526E-02   -3.1089230230E-02
    2.2158679658E-03   -1.7541766931E-02   -7.3383836601E-03
   -1.2055986138E-02    1.6629319212E-03    2.8938282608E-02
   -2.8930302242E-04   -8.7180737049E-04   -6.4258128893E-03
    4.4248175567E-03    3.1470392811E-03   -8.7820449570E-03
   -7.3633056056E-03   -1.4040030725E-02    3.9581984323E-04
    2.0946355575E-03    3.6000414060E-03    2.9519479689E-03
   -2.8227780509E-03    2.2441626335E-03   -3.1793614256E-03
    1.5036892644E-03    1.7616148728E-03    2.8812468980E-03
   -2.9976646143E-03   -3.1036122594E-04    2.3446952081E-03
   -6.4238529013E-04    1.8026903248E-03    3.3063794970E-03
   -2.3550254112E-03   -3.3627216470E-03   -1.5409695897E-03
   -4.2290896150E-03    1.0054718829E-03    2.3065779590E-04
    7.8575943978E-04   -2.3502249237E-04    9.7643200709E-04
    2.7149667750E-03   -1.4710054169E-03    1.1661954655E-03
