    7.7219801575E-03   -6.5217135831E-03   -2.9914089846E-03
    1.8727121717E-03   -4.8216640107E-03    6.2089668610E-03
    1.0276695424E-02    1.7729848703E-03    1.6336845725E-03
    7.6881127545E-03    4.4119551490E-03   -8.6413172240E-04
    6.0145482084E-03    8.3348104516E-04    6.6683343891E-03
    1.0520984789E-02   -3.4672003614E-03    5.9705494452E-03
    6.3926895791E-03    2.7244751343E-03    1.6294985236E-03
   -1.6963125797E-03   -3.5370519123E-04   -1.0742934635E-03
   -2.7587128425E-04   -2.1533685229E-03    5.1630771979E-03
    6.2263974600E-03   -2.0604727112E-03   -7.3281269786E-03
   -1.8790090521E-01    2.8001948300E-02   -4.1117220602E-01
    8.7311672976E-03    5.4668943625E-03   -1.3764478982E-02
    1.3746999729E-03   -1.4139375840E-02   -1.1650280615E-03
   -1.3675822200E-02   -1.5966429147E-02   -1.1031215318E-02
    1.0861303494E-02    3.8938417463E-04   -3.9875718986E-03
   -1.5038518643E-02    1.0704648778E-02    7.5522765757E-03
   -1.6745812034E-02    1.2824636427E-02    8.1146144122E-03
   -8.9626292681E-03    1.2314161641E-02    1.1620913718E-03
   -5.4133377230E-03    1.1164419488E-02    7.3371414773E-03
   -2.0812363777E-02    5.5834372626E-03    4.3049488501E-03
    2.3018747846E-04   -1.5764039968E-03   -4.5308556386E-03
    2.5028422175E-03    1.0163428024E-02   -6.0606278680E-04
   -9.9915487415E-03   -1.1170751890E-01    2.0636301282E-01
   -2.8606702752E-03    1.3035671894E-02   -8.7629441937E-03
    1.0514625097E-03    3.8425517184E-04   -3.6203531737E-03
    4.7674510660E-03    6.9028338693E-03    4.6795750319E-03
    4.0401238397E-03   -1.1978517098E-03    3.1964212005E-03
    2.8106710881E-03   -1.0844216517E-02    1.6693659199E-02
    4.9150487359E-03    5.1904458580E-03    4.1921906078E-03
    5.1363822948E-03   -3.4610813541E-03   -1.6369502741E-02
    3.4535897215E-03    3.4985806345E-03   -1.0467556931E-02
   -5.3389327767E-03   -5.3682259444E-04   -1.1391933051E-02
    2.2267235420E-03    3.2396186466E-03   -4.1469133551E-03
    8.2544733584E-03   -4.2399383291E-03   -6.2300441078E-04
    2.1034120630E-03   -2.7149266476E-03    1.7749054741E-02
    4.3598417675E-03   -1.2777074831E-02   -8.3622216331E-04
   -7.8977215576E-02    1.2931704982E-02   -3.5435093792E-02
   -2.4296209710E-02    4.3590062474E-03   -1.0578179281E-02
   -1.3149810211E-02    1.6204431388E-03   -4.5755320608E-03
   -1.1529551289E-02    7.6409677879E-04   -7.7464125978E-03
   -1.0310676091E-02    2.5370761331E-03   -9.8305756811E-05
   -9.7873490682E-02    1.8371843835E-02   -5.1446426015E-02
   -4.1326679840E-04   -3.2947439591E-03   -9.8522977124E-04
   -4.7826516959E-03    1.5157326983E-03    1.7984487762E-04
    1.5297157252E-03   -1.2492664607E-03   -1.3443500591E-03
    3.3731940061E-03    2.8374898602E-03    1.0114303033E-02
   -1.2350735041E-03   -2.5807032926E-03    4.9325160956E-04
    1.0052407946E-04   -8.3746094053E-04    7.3190263016E-03
   -1.4735334130E-02    1.4138632515E-02   -6.2935552522E-03
   -1.5381871618E-03    2.4276173286E-04   -2.9383424857E-03
   -6.2995080797E-03    6.6189218085E-04    2.2073850163E-03
    5.2490032752E-04   -4.4269540198E-03   -9.6603939774E-04
    9.4990903678E-03    1.7193551564E-02    7.8877832828E-04
   -6.2095529638E-03   -5.5579368694E-02   -5.0654354200E-01
   -2.5358669385E-02   -8.4253117433E-03   -3.1799417852E-04
    9.8652609797E-02   -5.2721360192E-03    4.9360549482E-02
    2.4399680904E-02   -7.8799162684E-03    5.5691179219E-03
    6.0071411161E-03    6.0172705151E-03    1.6634691711E-02
    1.5262697795E-02    1.3498542857E-02    3.4383267542E-02
   -6.3242176492E-03    6.8905593295E-03   -5.9612496635E-03
   -1.3949449160E-02   -1.5066156760E-02   -1.5122725866E-02
    3.4237519119E-03    8.7912444525E-03   -2.9954234977E-03
   -3.2165089419E-03    9.2155803676E-03    6.0914830631E-03
    8.2153083031E-02   -1.8137966460E-02    4.1435249279E-02
    3.1503400898E-02   -7.1533681718E-02   -5.5793632744E-02
   -6.4005500993E-02    1.7995803304E-02   -5.5610898602E-02
   -7.2919172760E-02    1.8565804417E-02    4.9211443694E-02
   -4.4344306465E-03   -1.4343196500E-02    5.0329889766E-01
   -1.8155488048E-02   -1.5342401825E-03    3.8214912495E-03
    6.4008239066E-02   -1.9667133188E-02    5.7630427965E-02
    1.9522100677E-02    1.0910221374E-03    3.0557058725E-02
    4.5312048945E-03    5.1965881449E-03    2.1259286430E-02
    5.3510192090E-03    2.6329027975E-03    2.5823665093E-02
    1.6664642077E-02    3.2638055919E-02    4.2450870376E-02
    9.3086240042E-02   -2.6905970725E-02    7.5809359816E-02
   -1.2121710838E-01    2.4057946820E-02   -8.5319162044E-02
   -2.0089588582E-03    4.6452007290E-02   -3.1860843954E-02
    2.5347558627E-02    1.7378369452E-02    1.3406850144E-03
    6.3361212943E-02    2.2656390324E-02   -3.9608129518E-02
   -1.2224795092E-02    3.6795432595E-02   -3.3683111089E-02
   -5.8089531459E-03    5.1851866865E-03   -1.1953245820E-02
   -1.5167076674E-02    1.8689472490E-02   -9.4571353307E-03
   -9.5399744823E-02    9.9245407471E-02    3.0918509849E-04
    1.2871825879E-01    2.4641875483E-03    1.0685639235E-02
    5.1336458325E-02   -1.4961767274E-01   -8.3798634344E-03
    8.3598787415E-03    4.7520878336E-03   -2.7835310762E-04
    1.6645592604E-03   -1.2053445970E-03   -3.0341510154E-03
    7.9634215549E-03    1.9028043919E-03    1.1204499665E-03
    2.4493207991E-02   -3.8524443912E-03   -8.5004002913E-04
   -3.1637923273E-03   -9.5991440862E-03    1.1938415818E-02
    3.2784000225E-02   -7.0034073850E-04   -1.0122972628E-02
    1.0940375253E-03    3.5872714302E-03    2.3049573363E-04
    1.5805062985E-02   -1.8666148726E-03    5.1765404740E-03
    2.3948292709E-02    1.1302030814E-02    6.2354818366E-03
    1.9607502530E-04   -1.6365132398E-03    9.9750120028E-03
    3.2758097178E-03    1.7763669197E-03    1.6112923995E-02
   -1.9640367702E-03   -7.0488765489E-03    4.2672733046E-02
    1.0190298163E-02    4.4524415911E-03    1.0213838808E-02
   -4.2788213365E-04    9.0779457198E-03    1.4921529516E-02
   -8.6826366466E-03   -1.3420164985E-02    5.2407982322E-03
   -4.5846357248E-03   -7.6103909974E-04    1.0420040483E-03
   -5.9967906141E-03   -1.4106519711E-02    4.9490864402E-02
   -1.3104330097E-02    6.4857218573E-03    8.9401458468E-04
    9.9053039571E-03    1.1829035183E-02    2.8784683709E-02
   -1.1588342186E-02    5.6100545917E-03    9.9151886704E-03
   -4.0577481223E-03    5.7895290277E-03   -2.3267871962E-03
    2.4268597266E-02   -4.7336545475E-02   -6.8871674700E-02
   -5.0176173698E-03    3.3610927537E-04    7.5565357195E-04
   -3.9117433019E-03   -1.3355609963E-02   -1.1282712826E-02
    4.7992886533E-03   -2.7036797398E-03    1.6205754647E-03
   -8.7817614923E-04   -3.8474727661E-03   -1.6508620204E-03
    8.5363208117E-03    3.5848337586E-03   -1.0222214094E-02
    2.2000391166E-03   -5.1303767900E-04   -7.0629918914E-04
    6.2035650248E-03   -5.0031848217E-03   -4.8823600638E-03
    4.6368295283E-03    4.7483068704E-03    7.6427217914E-03
   -6.2158438977E-03    9.3169258779E-03    4.0799096745E-03
    2.7635939200E-03    1.0594335871E-02   -8.6850079308E-04
    5.2854658951E-03    6.4804457843E-03    6.3853341721E-03
   -8.1904354508E-04   -2.1754565395E-02    1.0283349957E-02
    1.0362827438E-02    1.9576053627E-02    3.5583353417E-02
    8.1963693953E-03   -7.2913769241E-03    7.3472761711E-03
