    8.3865302414E-04   -1.2240557033E-02    1.2486253879E-02
   -5.9282992384E-03   -3.5440295250E-03    7.7640039770E-03
    6.4462751740E-03   -2.2524686049E-02    3.0861183121E-02
   -4.9853164980E-03   -1.8432805888E-03    4.8202319569E-03
   -2.7921081518E-03   -1.6228164328E-03    1.4220915581E-03
   -7.5283622149E-03   -9.5121246201E-03    7.5763109854E-03
   -1.7924247064E-02   -4.3727370393E-03    2.8915609174E-02
    5.5408233914E-03    3.3614365125E-02   -2.1361632347E-02
   -4.0957121421E-03   -1.3624370193E-02    1.8309074727E-02
   -8.9176279715E-03   -9.0180465057E-03    8.5312991439E-03
   -2.6884808146E-02    2.5989060970E-02   -1.6136615367E-01
   -1.0225975002E-02   -7.5212855881E-04    2.3199495697E-02
   -1.3725590360E-02   -3.1896219380E-04    4.5782203564E-02
   -2.2901139426E-02    1.2884313079E-02    7.7524329737E-03
   -4.7278986033E-02   -2.7480411288E-02    1.0371016414E-02
    7.9342944797E-03    2.5258156993E-02    1.6428807976E-02
   -4.9448998346E-03    3.9926783216E-03   -8.2655953012E-03
   -1.1269412747E-02    3.5287617504E-03    1.4167370372E-02
   -2.1103476506E-02    1.1098964658E-02    2.5243536880E-02
   -1.4756902464E-03    2.8392946365E-02    1.1901112127E-02
    1.3722232915E-03   -1.0474084400E-02    1.8202145166E-03
    2.6539368213E-02   -1.6433912161E-02    2.3506411469E-02
    9.4046258494E-02    3.5872792608E-02   -2.6881315196E-03
    3.6388058371E-02   -1.0262907264E-02    9.1171394107E-03
   -4.9389251138E-03    4.0417586506E-06    1.0608598876E-02
   -3.2214246822E-03   -3.7307535107E-03    1.4936629779E-02
   -7.7699038262E-04   -4.8341740962E-03    1.4530986561E-02
   -3.7583562950E-03   -2.4197156051E-02    2.0378869913E-02
    1.0245021849E-02   -2.2142833314E-02   -1.5528691353E-03
    3.0171150336E-02   -3.2834206510E-02    9.7294274591E-03
   -2.6406709543E-02    1.4646856693E-02    5.6420558067E-04
    1.7398301208E-02   -1.6519756695E-03    3.1084232812E-02
   -1.1119468452E-02   -9.0241753604E-03    3.6349945698E-03
   -3.5126448288E-02   -3.9045383407E-02    6.9265718263E-03
   -1.1589707872E-02   -9.7695053988E-03    7.0526378573E-03
   -2.3365069139E-03   -4.9902802044E-03    1.0884492144E-02
   -6.5085430385E-03   -3.7860554734E-03    4.9317464861E-03
   -3.3860763789E-03   -3.4497492732E-03    5.2003814798E-03
   -9.4848226202E-03   -4.5206493415E-03    7.2706311349E-03
   -2.8757481353E-03   -1.5587385692E-03   -5.4186398501E-04
    8.3260894941E-03   -3.6925614363E-03    6.2263129506E-03
   -8.4343648483E-03   -9.5661144755E-04    1.9061573047E-03
   -4.9009711853E-03   -3.3669395567E-04    6.5715458470E-03
   -2.3287019109E-03   -3.6149303107E-04    1.1447844665E-02
   -4.5807805000E-03    3.3201590519E-03    1.6977784768E-04
   -4.9550391809E-03    5.1007142019E-04   -2.6038311910E-04
   -9.2354703084E-03   -8.0328922997E-03    7.0762167783E-03
   -2.6994022082E-03    3.4041813739E-04    4.3800434347E-03
    2.4127011934E-03    1.2897098521E-03    1.3217000231E-02
   -3.8925756110E-03   -2.6187345930E-03    8.1718566482E-03
   -4.9932832266E-03    7.9394240275E-03    1.8571221664E-02
   -1.2245397999E-02    3.0573729798E-03   -4.8867582796E-03
   -1.7483684089E-02   -1.9980403524E-02    1.5972322202E-02
    5.3243581035E-02    3.3005727613E-02   -6.5691574303E-01
   -4.9665057960E-03    4.8801069928E-03    8.0109355391E-03
    8.7639295206E-04   -3.5633475680E-03    4.6551032087E-02
    1.1786213314E-02    3.2714783473E-02    6.1280358455E-02
   -2.8472753470E-03   -4.8654068534E-03    2.2409705656E-03
   -1.5262010574E-02    1.0685638033E-02    1.7089919874E-02
   -1.0645265326E-02   -7.9944799434E-03   -3.6609588381E-03
   -5.2443008141E-02    2.0742808141E-02   -4.0589666591E-02
   -4.6260195992E-03   -6.0831446432E-03   -7.4843870640E-03
   -1.0538502706E-02    1.5114989341E-02   -1.0182149939E-02
   -1.0302204022E-02   -5.6735705395E-03   -4.6684443397E-03
   -7.6858261764E-03   -5.0043832408E-03   -1.3619061548E-03
    4.8449064953E-02   -5.5761446852E-03   -5.3234885761E-02
    9.8045873746E-02   -1.7929671576E-02   -1.5775895122E-01
   -2.1891089780E-02    5.7012211153E-02    3.0481545846E-01
   -1.0840977671E-01   -1.1653486377E-02    4.2034029204E-02
   -8.3050237043E-03   -7.9150884093E-04    1.2555822031E-02
   -3.0303171727E-03    8.7722082377E-03    1.6796146714E-02
   -1.3556139801E-02    1.7206300059E-02    2.7895215360E-02
   -5.9568700382E-03    5.4557155691E-03    1.0638703462E-02
    6.8378665454E-03    3.1552939738E-02    2.7540643906E-02
   -1.2799114548E-02   -2.2376158816E-03    1.0757110860E-02
    3.4731191676E-02    1.1383222512E-01   -2.6061464880E-02
    1.2396038755E-01    6.8745564801E-02   -1.5526631347E-01
    4.4665164467E-04    1.0266408513E-02   -1.7147867640E-03
    1.2021007525E-02    5.0984411961E-03   -1.2010385372E-02
   -3.1955283229E-03    4.2082017294E-02   -3.8736260432E-02
   -3.7415233204E-03    1.0586147849E-02    3.9964510993E-03
    1.6871648430E-02    3.4667877114E-04    3.6388940746E-02
   -2.8386704254E-02   -9.2375593011E-03    7.0686397001E-03
   -1.1169783522E-01    1.5611879983E-02    2.5441364236E-01
    1.2915474957E-01   -2.6870621051E-01    4.8770643949E-02
    1.6478942954E-03   -1.0593533020E-02    1.2051948887E-02
   -3.5953291767E-03   -7.7138700658E-03    1.3509414475E-02
   -4.3425814007E-03   -5.3961713893E-03    2.7959787292E-03
   -1.5374995612E-03    1.5357661624E-02    1.5633259868E-02
   -8.6642022204E-03   -1.4105240018E-02   -2.8293830959E-03
   -2.3734279106E-03   -3.1546607144E-03    9.6542554565E-03
   -5.6658628615E-03   -8.0932747430E-03   -6.4244271529E-03
   -2.2998543101E-02    3.8464476356E-02   -9.8014862032E-03
   -1.2049215159E-02    1.5926040719E-02   -7.8162492017E-03
   -7.1589666608E-03   -5.2908397213E-04    4.0456746648E-03
   -1.2707903601E-02   -7.0542570359E-03    5.9050664941E-03
    1.1548846168E-02    6.4574070847E-03   -8.2868135019E-03
   -1.1326032656E-02   -2.3958701363E-02    1.7655884490E-02
   -2.6194659023E-02    1.2616840746E-02    6.7622182643E-03
   -1.9432024021E-02   -1.3770162387E-02    6.8033423772E-03
   -1.2393494032E-02    2.0790611611E-04   -1.9976185156E-03
    2.3066548051E-02    6.8082949722E-02   -1.2664782706E-01
    4.7461707146E-04    1.0098530809E-02    1.9949644504E-02
    7.5131781339E-02    1.5486351607E-02   -1.1532461027E-02
    1.7208973795E-01    8.1650748176E-02   -6.6112370131E-02
    1.0812044312E-04   -1.5090157150E-03    1.3974885488E-02
   -4.5800518653E-03   -3.3646835222E-03    8.1545277945E-03
   -1.0122390713E-02    8.1651476741E-03    1.0509694903E-02
    1.3021934038E-04    2.5949231503E-03    5.8729118098E-03
    8.6326384592E-03   -1.7200047046E-02    8.5996175477E-03
    6.0766077321E-03   -8.3719417310E-03    1.0819883932E-02
    3.1640446430E-03   -1.5057575814E-02    2.8475819179E-02
   -4.1069543080E-03   -4.5441466882E-03    4.7714311371E-03
   -7.0002955280E-03   -1.1213216775E-02   -5.9838656943E-03
    1.0418627524E-04   -6.1779318764E-03    8.3136895834E-03
   -2.0159703634E-03   -5.2341860213E-03    5.7546952913E-03
   -5.2132054126E-03   -2.1182448621E-02   -1.3486588582E-03
   -1.6551351074E-02   -6.1214231860E-03    6.4668145881E-03
   -9.3368802239E-03   -9.2762841793E-03    1.3890395041E-02
   -1.7891070841E-02   -4.9177484679E-02   -9.9009308313E-02
   -7.2479847276E-03   -8.8531542018E-03    1.3800337110E-02
