    2.3634442209E-03    2.3893084308E-03    9.4035624103E-03
   -3.1082511989E-03    9.9062394402E-03    1.2101575543E-02
    7.2282595171E-04    4.3915300591E-03    7.4174462783E-03
    2.6531036005E-04    1.3336284580E-03    1.1116517958E-02
    1.0033261847E-04    4.5133274496E-03    6.4039928816E-03
    2.5498276935E-03    3.9245825916E-03    4.9637083404E-03
   -2.6921646175E-02   -2.2935738321E-02   -2.0488956876E-03
   -6.9320770793E-03   -3.8365782127E-03   -1.0673877814E-02
   -6.7625553858E-03   -8.0690807460E-03    3.1272085129E-03
    1.4541736051E-02   -1.9735439576E-02    2.4018327081E-02
   -1.6862423398E-01   -1.0967982887E-01    3.3316305193E-01
    1.8070765957E-02    4.5872636937E-03    2.1089363327E-03
    1.7771476139E-02   -2.9707881612E-02    1.2888508981E-02
   -5.0571037838E-03   -2.5310854129E-02    1.7128403008E-03
    3.3497357047E-03    1.2369639477E-03    5.1058823533E-03
   -2.1321761695E-02   -1.8811543576E-02   -4.4006600685E-02
   -1.0554204795E-02   -1.9677455193E-03   -9.5468563027E-03
   -1.0922769058E-02   -9.6344394146E-03    4.0618157045E-03
    1.7097018507E-03    2.1492259524E-03    9.4962349629E-03
   -1.0729084810E-03    9.1127815016E-04   -1.3823046347E-02
    5.0036939281E-03    1.7180721300E-03    1.3220843858E-02
   -5.8981155181E-03   -2.0555220677E-02   -9.1764737835E-04
   -1.6980054500E-01    2.7457921479E-01    3.0134183120E-01
    5.6711178534E-03   -7.9420922335E-03    8.1878592187E-03
    6.7147328536E-03   -2.5808310537E-03    4.0130438131E-03
   -5.8040521261E-03   -5.0732689050E-03   -1.7382483722E-04
    4.6324507569E-03    4.2557378879E-04    4.0794055045E-03
   -2.2291224083E-03    6.4070199329E-03    1.0263670911E-02
    1.4756648661E-04   -5.4988943700E-03   -5.0376011058E-03
    5.8527695407E-03   -1.1803006940E-03    5.5936942819E-03
   -1.2488347228E-02   -4.3486345155E-03    1.5614477202E-02
    2.0064784353E-02    1.8647113510E-02   -1.0613773805E-02
    5.0821174337E-03   -5.8587789614E-03   -3.3114599373E-03
    1.7101256498E-03    5.2443081380E-03   -1.3462214529E-03
    3.4322449276E-03   -3.2527927818E-03    1.0037884044E-03
    8.9325124066E-04   -2.8764811024E-03   -6.2388642107E-05
    8.3321675771E-03   -2.3701853118E-03    3.3885373092E-03
    9.4365738971E-03   -1.1223435389E-03   -1.6215687153E-04
    8.1898565209E-03   -1.7420064707E-03    1.7414758085E-03
    2.7949428818E-03   -4.3319779162E-03    5.6585294383E-03
    6.2988709590E-03   -7.8917673951E-04    8.1605368847E-04
    6.5755960917E-03   -1.2655302081E-03    1.9387182651E-03
    1.4934622982E-03   -4.6313940331E-03   -1.2127345869E-02
    2.9033271043E-03   -1.3843194048E-03   -3.3619796544E-03
    4.1720929395E-03   -2.0169279757E-03   -2.5381109678E-03
    2.4304214683E-03   -2.0611922437E-03   -2.5863605104E-03
    3.0502673733E-03   -6.6885197793E-04   -4.0604812243E-03
    2.7645240092E-03   -1.8076417451E-03   -2.2728242631E-03
    1.2861402189E-03    6.2141290617E-03   -4.4307405371E-03
    1.0179824270E-03    7.6652304076E-03   -1.1430614233E-02
    6.7494061808E-03    4.1917020249E-03   -7.8963288051E-03
    3.4204355383E-03   -2.4299681461E-03   -3.6297171661E-03
    6.1936551554E-03    7.8029802428E-03   -1.9082354602E-02
    1.0957095831E-02   -4.0099733774E-03   -5.7800430568E-01
   -9.0105867243E-03   -6.1589169309E-04    2.3161044595E-03
    7.7521868550E-02   -2.0800122077E-02    3.7494314034E-02
   -3.5775938969E-02   -1.3294352212E-02   -1.5133738947E-02
   -1.9381970834E-03    2.6578780252E-03    4.3414428303E-03
    2.8182093009E-02    1.3803751319E-02    6.6526554315E-03
   -1.3909914039E-01    4.0012401179E-03   -2.5300023695E-02
   -1.6546772145E-03   -1.6273069227E-02   -1.7738110955E-02
    1.0888116877E-02    8.5579822751E-03   -5.6701375858E-03
    2.2563444904E-03    7.2095936245E-03    7.3474628207E-03
   -3.5681217191E-02    1.3321031846E-02   -2.6674474155E-02
   -1.3815088072E-02    3.6390996655E-02    2.0947473789E-02
    7.3233002611E-03   -4.8628205522E-04    6.3740580667E-03
    7.6632583160E-03    5.2895878995E-04   -2.4493945247E-03
   -9.3062042048E-03    7.5419310808E-03    3.6752571322E-01
   -2.6328196991E-02   -2.5999129387E-03    9.1441109585E-03
   -2.9595459963E-03    1.3742315249E-02    7.2633793330E-03
   -3.7860309381E-03    1.7575146239E-02    5.0349719012E-03
    1.7199266289E-03    1.2722036753E-02    1.6288766951E-03
   -1.4157172658E-02    9.3934444133E-03    1.3044405477E-02
   -7.7183524276E-04    2.5618265509E-02    8.5998821480E-03
    2.1626728459E-03    1.5640917670E-02    4.0915741888E-03
   -6.5793895243E-02    6.7157036715E-02   -8.5991128583E-02
    5.4498911265E-02    4.6324203052E-02   -6.3121148955E-02
    1.5175883793E-02    1.2742035322E-02   -9.3095829537E-04
    1.5975530737E-02    1.5930135106E-02   -2.5603671048E-02
    1.7374512937E-01    5.7037368942E-02   -4.1920135086E-03
    1.5180844126E-02    1.5729243357E-02   -6.6486713698E-03
    6.1205308349E-03    9.4217768879E-04    4.8164509063E-03
    4.5297728210E-02   -4.4878870795E-02   -5.7884396004E-03
   -1.4070175981E-03    7.1492521825E-03    3.1422396618E-03
    5.6940146611E-02   -1.5204665596E-01    7.2311871368E-02
    3.6329861084E-03   -4.1547856898E-03   -1.4298239202E-03
   -5.4352156305E-04   -4.7570114649E-03    2.4373189628E-03
   -1.3395370489E-03   -1.5847396357E-02   -3.3731641134E-04
    1.3100151485E-03    9.0001842168E-04    5.2821463639E-03
    6.9034202607E-04   -2.1722895771E-03    3.2227169611E-03
   -3.8738914619E-03   -2.6996577286E-03   -3.2074997361E-04
    2.0203962131E-02   -1.9763101136E-02    1.3522939038E-03
    1.8063014665E-02   -3.1416208121E-02    1.9799517805E-02
    5.8720800189E-02    4.0479697955E-02   -3.5080143516E-02
   -9.9438244553E-03   -3.8060157765E-03   -8.5933841112E-03
   -2.6245404284E-02   -3.2333299706E-02   -4.0153299887E-02
   -6.5415336507E-03   -1.6028846964E-03   -9.9408623081E-03
    1.0523387146E-02   -1.5763438916E-02   -1.0327002562E-02
    5.3743806477E-03   -5.1363588412E-03   -1.4403076864E-02
   -2.5684890901E-03    1.3965369757E-03    3.4440029852E-03
   -1.5590631551E-02   -4.6738224692E-02    8.5371305514E-03
   -3.6188484180E-03   -9.7999632065E-05   -9.1789890092E-02
   -4.9523289417E-03   -4.3971869976E-03   -1.2321887886E-02
    6.9894322261E-03    4.8410385447E-04    6.9435280231E-03
   -7.1561802542E-03   -1.8223377508E-02   -2.1153060186E-02
   -4.2128335664E-03   -3.4418629703E-03   -1.2004614806E-02
    1.6244100584E-02    4.1867557127E-03   -1.6004834208E-02
   -5.4862229458E-03   -5.3037985617E-03   -2.6120015693E-02
   -8.3991269386E-03   -2.0897793725E-02   -6.3939404079E-02
   -4.6994356451E-03   -3.6738517096E-03   -1.2685676126E-02
    1.1328952494E-02   -3.3607410582E-04    1.7958606945E-02
    7.0480363102E-04   -1.6431939527E-03   -5.2005607109E-03
   -6.7853754503E-03    1.4030973141E-03   -5.3360893998E-03
    6.7186946025E-03    6.0961562413E-03   -1.1027098173E-02
    7.2932852622E-03    4.4453972283E-03   -6.4365040852E-03
    1.2317014172E-02   -1.6259433184E-02   -6.4709771723E-03
    1.3541768152E-02   -5.7455453662E-03   -6.9498332069E-04
   -1.2401013525E-02    5.0268812542E-03   -1.2418836571E-02
    2.2870098845E-03   -1.7120268793E-03    1.3781427666E-02
    1.5625607423E-02    5.2725767115E-03   -2.7237414705E-02
    1.7413721739E-03   -1.4399990520E-03   -6.7823412599E-03
