   -5.8629081802E-03    3.1044597033E-03   -2.5656883113E-04
   -1.2240904090E-02   -9.7614885103E-03    2.0823223894E-03
   -5.5564931724E-03    5.1777513979E-03   -7.9550306726E-04
    5.1517574790E-04   -1.6970998090E-03    1.6851972032E-03
   -2.1789974766E-03   -2.3946052169E-03    8.7116702709E-05
   -5.1002920952E-03    6.4001302069E-03   -6.2077783252E-03
    9.1295834109E-03   -3.6513432129E-03    4.8404584010E-04
   -1.0695472039E-02   -9.4741152525E-03    7.1795138989E-03
   -7.9169751275E-03   -3.5013491019E-03    7.9356561758E-03
    4.7904491580E-03    4.7254045715E-03   -7.6338149594E-03
    1.3172295119E-02   -1.5179605957E-02    7.8993196950E-02
   -2.5574962680E-02   -1.2529031667E-02    1.1110537365E-02
    3.6948352728E-02   -4.7267651027E-02    4.1681302357E-02
   -2.6914554115E-02   -3.3843953166E-02    3.7286167111E-02
    4.2994299425E-03    6.1181717387E-03   -3.1829274299E-03
    1.0556978806E-02    1.1939716364E-02   -2.0128446547E-04
   -1.4609462679E-03    6.8470123034E-03    1.2936849573E-02
    3.8671238236E-03   -1.7463759123E-03    7.0834666559E-03
   -1.0756056946E-03   -1.9967626990E-02    1.1679769017E-02
   -7.5885945562E-03    6.6574685933E-03    2.8462391501E-03
   -4.6134570401E-03    1.1971900033E-02    1.4288383591E-02
   -5.6084375474E-03   -1.1925325037E-03   -3.8296816532E-03
   -2.2112928017E-02   -1.3466829684E-01    2.5320939265E-01
   -4.8428875866E-02    1.6762300022E-02   -1.4501210491E-02
   -7.2004142993E-03   -1.2868362388E-03    1.0550950747E-03
   -2.2896811214E-02   -5.5503077550E-03   -1.9987654302E-03
   -2.1945853452E-02    1.0008337621E-02   -4.6489910650E-03
   -5.6250029413E-03   -5.7357852506E-03   -1.2368783261E-03
    4.3647154932E-03    8.3802561699E-04    1.0843468377E-02
   -2.6053473467E-03   -4.3386772496E-03    5.2348622830E-03
   -8.4941148323E-04    5.3825553241E-05   -2.7309759751E-03
    2.1341012615E-03    4.7301848732E-03   -1.2704307955E-03
    3.6531823202E-03    4.5741478321E-03   -3.1319692982E-03
    1.0138551947E-02    6.3120539639E-03   -2.4423859361E-03
    1.1201138228E-02   -1.9173792663E-02    4.9858164971E-03
   -1.2538267221E-04    3.6733792333E-03    6.7615124945E-03
    5.7201532623E-03   -7.1025563126E-04    1.1225442546E-03
    4.4891221016E-02   -9.4072655989E-03    2.4959595155E-02
    4.8839976638E-03   -3.0524374757E-04    4.5207122153E-04
    1.0197096041E-02    4.8249485706E-04    4.1675626498E-04
    3.7178046807E-03    1.0585531227E-03   -6.4369348569E-04
    4.3210582122E-03    3.6152520775E-06    3.6179561333E-04
   -2.6739576466E-03   -6.5966623263E-04   -4.3926554772E-03
    2.8179620475E-04    1.2022620789E-03    8.9665283717E-04
    1.6883902359E-04    2.0164526107E-03    5.8783705619E-04
    1.4189069394E-03    1.4716704324E-03    1.8367168550E-04
   -2.0509357019E-03    3.8996099835E-03    1.1442512003E-03
   -6.0509746316E-04   -8.9387561320E-04   -4.3543367802E-03
    5.7387386960E-03    9.6992334187E-03   -9.2959804777E-03
    1.0736424019E-03    3.7100305576E-04   -2.0465372334E-03
    5.8759132242E-03    3.8216883436E-03   -8.2794107707E-03
    6.0616720528E-03   -2.1765857512E-04   -8.1546880671E-03
    1.1505761812E-02   -5.6837065172E-04   -5.1504772994E-04
    1.0291573997E-02    1.0819826061E-01   -6.8000294569E-01
   -3.8823485886E-03    2.1253852902E-03   -1.1889518978E-03
    7.8648894150E-03    5.1994490973E-03    1.5551813030E-02
    2.5018921086E-02    4.8603652729E-03   -1.8379599668E-03
    2.6157239476E-01    4.7883731659E-02    1.0589812775E-01
    8.0330960977E-03   -4.9395106679E-03   -8.0840138693E-04
   -1.9155167353E-02    9.9233771505E-03    2.1741288534E-04
   -8.8250366458E-03   -7.7012624331E-03   -1.5577865059E-02
    6.5276005758E-04    2.3160896912E-03   -4.3606245576E-03
    4.3760297734E-03   -1.9735976290E-04   -4.0564965566E-03
    4.1211758344E-02   -1.4329430263E-02    1.8743537073E-02
    1.5200829843E-02   -3.8943877959E-02   -3.0320810251E-02
    1.2884896523E-01   -1.9071025997E-02    1.1118815175E-01
    1.5424550305E-01   -2.4103786806E-02   -1.0370224115E-01
   -5.8827042006E-03   -1.1683844200E-02    2.0202728796E-01
   -1.1034570742E-02    1.1165828615E-03    8.1493565902E-04
   -9.0540325502E-03   -2.6807528914E-04   -1.2361633940E-02
   -5.0012742940E-02    4.8795354946E-02   -8.1189589140E-02
   -9.6869391280E-03    3.5697450749E-03   -5.0238709722E-03
   -9.8192961785E-03    7.5095660147E-03   -1.7875216553E-03
   -4.6309767806E-03    1.0485689810E-02    1.0261329885E-03
   -1.0605435643E-02   -3.2173589375E-03   -4.1900400583E-03
   -1.2903970271E-02    3.5848176533E-02   -4.1287329731E-03
    2.6747565680E-02    7.5258196497E-03    2.1572502246E-02
    2.1220013334E-02    7.4975604402E-03   -2.5266504393E-03
    5.8613296966E-02    4.5490320923E-02   -2.1473983333E-02
    8.5850964044E-03    4.3689960995E-02   -2.2733045324E-02
   -2.4349662460E-01   -7.5609420852E-02   -1.4773093359E-01
   -8.6810330852E-03    4.9705301157E-03   -8.5338616243E-03
   -6.6304581733E-02    5.6995003336E-02    1.2613852095E-03
   -2.6335254968E-01    4.7422734472E-02   -2.1932077330E-02
    1.8091561643E-02   -7.4081120829E-02    3.9523493229E-03
   -8.7002362853E-03   -1.7634934127E-02    3.2186103229E-02
   -7.5962102978E-03    6.5774696395E-03    2.6986672937E-03
   -6.3091144066E-04    2.0970794340E-03   -5.4929563131E-03
   -1.0332013294E-03    2.5183415324E-03    3.6183163452E-04
   -4.1651533296E-03    1.2873659464E-03   -1.8546740097E-03
   -2.6722484204E-03   -3.0224402030E-03   -5.3285388055E-03
    2.1103104405E-03    8.8595756936E-03    7.7294477018E-05
    1.2267598016E-02   -4.4949145997E-03    5.5171634402E-03
   -5.8429860618E-03    1.5474044798E-03   -2.6487844513E-03
   -4.0743284729E-03    2.5580852789E-03    1.0419812097E-02
    7.0737385214E-03    5.9011307023E-03   -6.1440602402E-03
   -5.9550606082E-03   -4.0865913764E-03   -6.0338304271E-03
    1.8422517248E-02   -2.1101902717E-02    6.0614797438E-03
   -8.9385941080E-03   -7.7296322670E-03   -4.2113237637E-03
    4.7179883519E-03   -1.6451688609E-02   -8.5772138823E-05
   -7.1114327648E-03    1.5405319142E-03   -4.6643164885E-03
   -4.1196780638E-03   -7.6363912178E-03    6.4791604543E-02
    1.6066745690E-02    5.4501076203E-03   -2.9650239447E-04
    2.2529010421E-04   -1.2966372892E-02    2.4596027181E-02
   -3.3420871412E-03   -2.7515453546E-02    3.2269736177E-02
   -3.7979984932E-03    1.0625165826E-02   -1.0334222787E-02
    8.4774921813E-03    5.4795907327E-03    1.5636751354E-02
    4.1685122389E-02    2.4172135086E-02    7.2147908418E-02
   -4.0743371768E-03   -3.8567613045E-04   -8.5373420551E-03
   -6.5846719583E-03   -1.6851346339E-03   -1.3028785371E-03
   -1.7475161818E-03   -4.6666522850E-03   -1.3453603470E-03
    1.7335030887E-03    3.0475887427E-03   -2.8975486110E-03
   -1.2952460477E-02    5.3133740941E-04    8.1088662773E-04
   -5.1900706434E-03    3.2663149785E-03   -2.4122393001E-03
   -5.2182378421E-03   -2.2610263392E-03   -8.3074437821E-03
   -1.6008987069E-03    6.4363913421E-05   -2.1556521271E-03
   -3.6987414434E-04    5.6083380758E-05   -3.7434707190E-03
   -3.4331272152E-03    6.0023234088E-03   -4.5407435504E-03
   -1.3253717884E-03    3.1459232359E-04   -2.1777937938E-03
   -1.7590089186E-02    1.9036356237E-02    5.0711370027E-02
    8.5606283207E-04    4.2249980742E-03    8.5010513635E-04
