    7.5429270114E-02   -6.7785160320E-03    1.4736340279E-02
   -8.6272870052E-03   -6.5023170522E-03    1.2387015053E-02
   -2.1105286031E-02    4.1015568017E-03    2.0937700143E-02
    6.9515970192E-03    2.0473379342E-03    1.8071168393E-02
   -1.0782112256E-04    8.4539286144E-04    1.6837005623E-02
   -3.9093589957E-03    1.6607487992E-03    2.0403353237E-02
    3.3438643285E-04   -6.7958385610E-03    2.8294255928E-03
    1.0202288934E-02    1.0503523249E-02   -9.3760653527E-03
   -7.1123362009E-03    1.3770481523E-02    1.4722454175E-02
    7.4228272138E-03   -1.1548975310E-04   -7.4507066551E-03
    8.2151127400E-03   -2.0812634658E-03    5.5743102455E-02
   -1.6941829028E-03    3.4837073046E-03   -4.4740219069E-03
    2.0013884265E-02   -3.5235022609E-02    1.7150148533E-02
    1.2701501932E-04   -4.2441464883E-02    3.6648903903E-02
   -3.8808431724E-02    4.4051586642E-02   -1.2006559114E-01
    9.5524354761E-03   -6.9378926250E-03    7.2903201379E-03
    1.0450193998E-02   -1.0200728128E-02   -1.4374943242E-02
   -1.0791790284E-03    3.2577204870E-03   -1.0030491848E-02
   -9.0236458326E-02   -2.1608558911E-02    3.7522627865E-02
   -3.5036099374E-02    1.1143642836E-02   -5.5259525495E-02
   -3.9326170701E-02   -1.3948631216E-02    1.7783055468E-02
   -1.4038881709E-02    1.3258219258E-02   -4.7101026767E-02
   -3.5975956050E-02   -8.9394586955E-02    1.9969740585E-01
    9.2299387815E-03   -5.5628221457E-03   -3.7923586748E-02
    1.8793300630E-03    1.9761526115E-03    1.3808342097E-02
    5.8203446905E-03   -6.2884633927E-05    1.5329991106E-02
   -1.5703507216E-02   -9.3732330752E-03    4.8915053737E-02
   -2.2387139192E-03    7.1153973746E-03    8.4731880203E-03
    4.2478877187E-03    4.2204302400E-03    2.6483884147E-02
    1.3720702127E-03   -1.4683455568E-03    1.5237848353E-02
    8.9235039506E-03    1.6807063077E-04    3.5021318765E-04
    4.1517535098E-03    1.0016665546E-02    7.7533202826E-03
   -2.4622892913E-03    1.2415779343E-02    9.7585065222E-03
    5.4560521615E-03    9.8993036930E-04    1.3102982938E-02
    6.6294827965E-03    1.1149081251E-03    1.9690961234E-02
   -1.9380519205E-03   -6.8559166457E-03    2.5408819501E-03
    1.2726683487E-02   -2.6795204567E-03    5.2885413935E-03
    2.3270977550E-02   -2.9024035374E-03    2.8649029263E-03
   -1.3431627757E-01    3.0492097572E-02   -6.4787885689E-02
    1.3513984158E-02   -2.6202028555E-03    2.6037601565E-03
    1.8985318249E-02   -3.9971644807E-03    6.9930562869E-03
    1.1292315399E-02   -1.8321873228E-03    1.0888493179E-03
    2.8137226560E-03   -1.3479913001E-04   -8.1961325382E-04
    4.0398201780E-03   -9.4345964367E-03   -1.2000746416E-02
   -7.1062247786E-03    1.2454633439E-03   -4.3044524810E-04
    5.5175893469E-03    3.7396322153E-03   -7.2828796384E-04
   -4.8303021620E-04    4.7034474735E-03    4.1128552095E-03
    1.2965380451E-03   -6.8091900595E-04   -8.3835836380E-04
   -3.2881414418E-03   -1.1806449728E-02    1.8997083314E-02
    6.7678303202E-03    2.3206333092E-02   -2.6750831768E-02
    4.8066888851E-03   -3.5924683433E-03    8.4725166326E-03
    9.9511753545E-03   -2.9135819170E-02    4.5430604976E-02
    3.0525774479E-03   -1.7774549572E-02    3.4128185662E-02
    7.7071274971E-02   -1.2658882631E-02   -6.5200399427E-01
   -1.1005946560E-02   -6.0886168429E-03   -2.1260901698E-03
   -2.7983873878E-02   -2.3494283965E-02   -3.0736340623E-02
   -1.2961560577E-02   -4.2961196157E-03   -3.1345583319E-03
    1.3460116764E-02    4.7617849226E-03    1.2114460655E-02
   -9.3569595712E-03    1.9346050179E-02   -9.3113692467E-03
    1.2416024999E-01    1.1068610730E-02    3.4874667018E-02
   -6.5193730567E-03   -1.1700952216E-03   -1.1613018344E-02
    2.3199394689E-03   -5.0548099669E-04    1.0653323226E-03
    2.4294599702E-03    1.7478670463E-03    9.2503381347E-04
    8.1154202747E-02   -1.7899287170E-02    4.3573298026E-02
    3.7598867832E-02   -7.1162560263E-02   -4.5361665348E-02
    2.7718631366E-02   -3.9894801278E-03    2.4348188171E-02
    3.2217515631E-02   -2.8494904126E-03   -1.8301998488E-02
   -8.5121782678E-02    1.0942474831E-01    2.6124703587E-01
   -4.4962236524E-03    5.8683241161E-03    6.5518863575E-03
   -5.5610879452E-03   -5.3281536839E-04    1.6286825949E-02
   -1.7363648081E-02   -6.8517596205E-03    1.6493279715E-02
    1.2554429210E-01   -9.6541938595E-02    1.9136519502E-01
   -6.8013950256E-03    5.5655593186E-03    1.2201836786E-02
   -1.2567921942E-02    1.7286210966E-02    1.9110914361E-02
   -6.1487170214E-03    3.1263340871E-03    1.6312166231E-02
    3.5068743094E-02   -4.3711933833E-02    5.5447873072E-02
    2.8863729871E-02    3.7674095758E-02    2.3465284893E-02
    8.2892932680E-03    3.9874486830E-04   -1.2697323336E-02
    3.3175146369E-02   -5.5597300732E-03    3.4743513187E-03
   -2.2202708665E-01   -2.1584956380E-02   -2.8740773022E-01
   -3.7712923399E-03    2.0610432064E-03   -1.8445106486E-02
    6.5882282701E-04   -2.7167265232E-04   -2.1876976467E-03
   -1.0618683149E-01    8.6460213738E-02    5.2838315606E-03
   -4.9086495920E-02    6.6436694587E-03   -2.9755028324E-03
    1.0052006895E-02   -1.5540035029E-02    2.0613005810E-03
    2.8348672403E-05    9.7966020135E-03   -1.6241902126E-02
   -1.2161324967E-02    9.8020530793E-02   -1.5762820210E-01
    9.2134153996E-04   -1.9838867932E-04   -1.6092172796E-02
    2.2644227511E-03   -2.6853552858E-02   -2.9829480471E-02
    2.0421264856E-03    1.7915011781E-03   -2.2288935455E-02
   -3.0496593806E-02   -2.3489336388E-03   -1.9259626603E-02
    1.0353302494E-02   -4.0117550099E-03    1.5939346226E-03
   -7.8818935399E-03    1.6629713074E-02    2.3414925852E-02
    1.1979261348E-02    9.0178737928E-03    1.3449234907E-02
    1.5526126284E-02    1.5953928761E-02    1.7481868533E-02
   -9.2375098719E-03    7.9609923247E-03    1.2308384102E-02
   -3.5245431098E-03   -1.6626333617E-03   -1.3972291472E-02
    1.3316055680E-02   -7.6662543844E-03    3.4184485218E-02
   -1.4766761684E-02   -1.2867444965E-02    1.1671519446E-02
   -5.7761705586E-03   -1.3165841658E-02    2.7620418784E-02
   -7.8261137559E-04    1.0648288300E-02    1.8665292339E-02
    2.7655682617E-03   -5.8037481339E-02    8.0084532440E-03
    7.6164089371E-03   -6.3358771616E-03   -2.2332263251E-03
    2.4608165510E-02    3.6315673155E-02    1.8450030991E-02
    3.1103816244E-02    5.9120339785E-02   -4.7277788629E-03
    2.1076922547E-02    9.8205516769E-03    2.6712629907E-02
   -2.1311914942E-02   -1.5989630545E-02    2.2321003177E-02
    1.3785928969E-02   -1.6980188625E-03    1.7303762832E-02
    2.7854716554E-02   -4.0584909641E-03    6.3802287472E-02
   -8.7726198689E-03    4.5556949115E-03   -7.7879375281E-03
    6.2024175049E-03   -6.7767046936E-03   -9.9465052236E-03
   -1.1797146020E-02   -2.2426998422E-02   -1.1218064379E-02
    6.0893114663E-03    5.2289452700E-03   -2.3024074449E-02
    6.4461633205E-03    5.9503470498E-03   -7.3188608208E-03
    2.5646460638E-03    3.0099612650E-03   -1.7361510761E-02
    5.2944992139E-03    4.4978910127E-03    3.8286820584E-03
   -2.0584693976E-03    5.8183327351E-03   -6.7371888685E-03
    7.2838290368E-03    2.1990722879E-02   -4.8205544159E-03
    7.6139208865E-03    8.5442891193E-03    4.9375061173E-03
   -5.6445858484E-03    7.7949051254E-03    6.9026649364E-03
    4.8011312234E-03    7.3222621745E-03   -3.8509201983E-03
