    1.9349782796E-03    8.9094697110E-04    2.9508287346E-03
   -2.9500647118E-02    7.4530554905E-03    2.1266291200E-02
    6.3078295328E-03   -5.7518342977E-03    2.8356686447E-03
   -2.0082841194E-03    1.6964539070E-03    2.0905970775E-03
   -1.2340349108E-02   -2.1777132459E-03    1.2635616703E-02
   -2.7923397835E-03   -2.1533860724E-03    6.1677569296E-03
    1.7722919968E-03    2.6277852332E-02    4.7487842797E-02
    9.0294464722E-03    9.1220587495E-03    1.5851383846E-03
   -1.3245563040E-02    1.6855696418E-02    7.9249072256E-02
   -8.9408901873E-04    1.4774858557E-03   -1.9204331420E-03
   -1.1702017444E-03    7.6988853765E-03    3.6988741379E-02
   -2.7523724337E-03   -1.5920658064E-03    3.4819481233E-03
    1.0123915232E-02   -5.0735858238E-03   -1.3405913713E-02
   -2.2123762859E-02   -1.6127743548E-02    1.1954627613E-02
   -5.3899722732E-03   -1.0771589049E-02    1.2816071730E-02
   -1.0004819311E-02   -4.7055497843E-03   -2.1356090846E-03
    7.1537527695E-04    4.8961941164E-03    7.5741558714E-03
   -4.0650737545E-03   -1.2474675066E-03   -5.1471759079E-03
    4.1863783919E-03   -3.6780068693E-03   -1.3942951531E-02
    8.7868522923E-03   -5.7176742869E-03   -1.1206297790E-02
    6.0843278855E-03   -7.3134727163E-03   -9.7119174100E-03
   -2.3666202895E-02    7.1873488916E-03    8.8010354349E-03
   -6.5763143960E-02   -1.3020562530E-01    8.8849894663E-02
   -2.3381879517E-02    7.4312412483E-03    1.6352502300E-02
   -9.9803999275E-03   -9.0997574507E-03    4.6905069795E-04
   -9.2892074734E-03    3.3426556128E-03    5.4108678448E-03
   -3.8760114979E-03   -2.2542807891E-03    9.2477980626E-04
   -7.1172321258E-02   -2.3235782849E-02    7.2697018620E-03
    6.7475763016E-03   -2.4127148051E-04    1.7955404204E-02
    3.6472771890E-03    1.2939727813E-03    3.6195249581E-03
    1.8940906343E-04   -3.5242837478E-04   -1.8078596742E-03
   -4.7849655192E-03   -2.8378559911E-03    6.9473328819E-03
   -3.7190206218E-03   -5.5881802100E-03    2.3604569244E-04
   -3.1885665816E-04    4.9366790420E-03    1.4217432376E-02
    2.3253573411E-03    8.4124265535E-03    5.0564893498E-06
    2.3505591753E-03    3.8149321864E-05   -2.5965555370E-03
    5.0571453793E-03   -6.1663358696E-04   -7.8770882257E-03
    2.7156111891E-04   -1.6270247277E-03   -4.8131088904E-03
    2.3843415958E-03    5.9989420043E-04   -7.6050891130E-03
    4.8759217579E-03   -2.7825168667E-03   -8.2770778975E-03
    9.8738750490E-03    1.1580326200E-04   -6.7853170975E-03
    4.2316090803E-03   -9.6909120726E-04   -6.3169973127E-03
    2.1922012467E-03    6.3340934908E-03    5.4752071425E-04
   -4.0247845230E-03    2.4447533308E-03   -1.9637746070E-03
   -3.0632020640E-03    2.0879364402E-03   -1.1181649597E-04
    2.6157118621E-04    5.6243730996E-03    5.2967686146E-03
   -1.9324188774E-03    4.9520677728E-03    1.8722913143E-03
   -3.0192935091E-03    7.1380556915E-03    7.7801331449E-04
   -9.6140220082E-03   -5.6917028355E-03    6.7082619751E-03
    1.0132173220E-03    5.1169581557E-03   -1.8886517990E-03
   -6.8146713426E-04    5.1276121371E-03   -8.7639272483E-03
    2.4125300864E-03    6.8697666850E-03   -5.5059116712E-04
    1.5174518174E-02    5.9416285979E-03    4.1169989444E-03
    8.6328758958E-02    1.0853646666E-01   -6.4018379574E-01
   -1.6635169813E-02    1.2483954162E-02    1.2724611213E-02
   -2.5369270514E-02   -7.7176093506E-02   -2.2673071430E-03
    7.8411178862E-03    8.9766093853E-03    3.6747079320E-02
    1.5224428399E-02   -5.5367173185E-03   -7.9320909579E-03
    9.6955423779E-03    9.2691914111E-02    9.3059390904E-02
    1.5892422718E-02    2.1588404941E-03   -1.5703398483E-02
   -6.1462654672E-03   -7.2648437112E-03   -6.0571311217E-03
   -3.6456607285E-04    2.7133340176E-03   -3.7419033022E-03
    4.6333848417E-03    2.0720873573E-03   -6.4697885279E-03
   -8.2759560404E-02    5.6065653769E-02   -3.3326268723E-02
    8.0986092314E-04    4.5341325663E-02    5.3841421621E-02
    5.1328217247E-02   -6.3258723476E-04    6.5877970239E-03
    7.2198547271E-03    4.7968668926E-04   -4.1286870085E-02
   -1.0515740821E-01   -3.6325209409E-02   -2.8217029896E-02
   -2.7484372274E-02    1.3218980175E-02    3.6594617384E-03
   -3.6846994860E-04    8.1762301564E-03    1.3023433504E-02
    1.1884178804E-03    2.3685231461E-02    1.0350140773E-02
   -5.2819663869E-03    2.1347832176E-02    2.3880944611E-02
   -2.9935652968E-03    1.8400237979E-05    3.5687623801E-02
   -8.3776153186E-03    4.5049457297E-02    5.0249828407E-02
   -2.0985592939E-03    5.3379019813E-03    1.2457338468E-02
    6.4651229193E-02    1.7304754066E-01    2.1729192412E-02
    2.7060315233E-02   -2.2290217936E-03   -5.7154451344E-02
   -6.0106731188E-03    7.9084312845E-03   -1.2323612378E-02
    4.8376947071E-02    6.5275153437E-02   -7.4813529391E-02
    2.5767943894E-02    3.7027462916E-02   -6.3570551986E-02
    1.3923349436E-02    2.2911728294E-02   -2.1991932457E-02
   -1.3607605569E-03   -3.2624607092E-03   -3.0593028469E-03
    2.3515362720E-01   -4.5557294513E-01    3.1893410663E-01
   -4.4197979914E-02    1.5760925291E-03    1.2605373283E-02
    6.7297431893E-02   -3.2967141009E-02   -2.0444833269E-03
    1.2158801681E-02    9.5199581468E-03   -3.4170127549E-03
    2.5216796545E-03    6.1851864413E-04   -1.0743149881E-03
   -5.3537187529E-03    8.9399427636E-04   -1.5895691284E-02
   -6.0255650672E-03   -1.1231399312E-02    5.8868400671E-03
   -2.0663177586E-03   -1.2882511609E-03    1.4540713579E-03
    8.3266010274E-04   -2.3601294020E-03   -6.8765441277E-03
   -2.4096005127E-03    1.1335732384E-03    7.9153589270E-03
   -7.8900537722E-03    3.6450389352E-03   -7.6748324602E-03
    5.7199772961E-03    1.8189804442E-03    4.4587949227E-03
   -1.2665823556E-03   -3.0099540902E-04   -4.7314895196E-03
   -3.2961930370E-03   -3.9439149626E-03    4.0749747306E-03
    8.7710802303E-03    2.0017671937E-02    2.9657156369E-03
   -9.7955412232E-03   -2.5202562767E-03   -3.5340372533E-03
    1.9052312971E-03    1.2166745075E-02   -8.6858500696E-04
    3.5786526258E-03   -3.2533473788E-03    1.2940025672E-03
   -1.0001439155E-02    3.5925554486E-03    5.0261027808E-03
   -1.0880137682E-02   -6.5707903718E-02   -3.4283382798E-02
    3.5348573212E-03    8.4242984486E-03    1.4299219615E-02
   -3.9373723297E-02    9.8153247809E-03   -1.3845924589E-02
   -2.5422133278E-02   -1.7260634495E-02   -9.7073013298E-03
   -1.8151862742E-02   -2.0214882948E-03    1.6178619850E-02
    7.8113516002E-03    3.4458921517E-03    2.3420894788E-02
    4.3962178434E-03   -7.7817771171E-04   -3.4491644260E-03
    8.8479582994E-03   -1.2454061824E-02   -8.3949163889E-03
    5.2962540863E-03   -3.1484589709E-03   -2.9683066540E-03
    8.8531797766E-03    3.5616099592E-03   -4.4947238433E-03
    5.8029288143E-03   -1.6814570197E-03    5.2120641286E-03
   -2.5271949378E-03    1.9738319687E-03   -5.3401918439E-03
   -4.1969789080E-02    5.8653682985E-04    3.7172416661E-02
   -5.7863828463E-03   -8.0109386993E-04    8.9414878173E-05
   -5.9672641422E-03   -5.8780107672E-03   -7.5313431991E-03
   -9.6973414801E-04    4.6897714726E-03    5.9343372949E-04
   -2.8174274983E-03   -3.2243848521E-03   -6.9066635676E-03
    1.7045306366E-03    4.8318018200E-03   -7.6685554098E-03
    1.6092052178E-03   -9.9515477088E-04    1.3273584831E-02
    3.4640537884E-03    3.4279272654E-03   -2.6815038061E-03
