    2.2433705045E-03   -4.5136851081E-03    4.2353606557E-03
    2.5854531099E-03   -5.1381412189E-03    3.8222194348E-03
    6.1963426067E-04   -5.1403611016E-03    6.2460697344E-03
   -1.2004900162E-03   -4.8391186140E-03    5.9648432227E-03
   -7.0353325772E-03   -8.6318489080E-03    2.8338460364E-03
   -2.1599301877E-03   -4.1841227530E-03    9.4481740915E-03
    4.3277839692E-03   -1.0780215488E-02    9.3896687104E-03
    3.7375508522E-03   -8.6796180374E-03    4.8350070114E-03
    9.9289324373E-04   -7.3177229409E-03    1.0962795841E-02
    1.0900057496E-03   -4.5342032908E-03    5.5328621411E-03
   -4.6961105672E-03    8.9296266837E-02   -2.1724245598E-02
    5.1356266202E-03   -4.9261421571E-03    5.7004466256E-03
   -1.0933540716E-01    4.8660313031E-03    2.5603548049E-02
   -5.1299964810E-03   -1.6589538890E-02    9.8092181259E-03
   -5.9256508492E-03   -1.5610019456E-02    6.4679184470E-03
    8.6476751309E-03    1.5623002753E-03    1.3114976012E-02
    1.1060618707E-03    3.0859756960E-03    1.5152803172E-02
    6.4184082989E-03   -1.7867568780E-03    5.2589097499E-03
    5.1657822233E-03   -7.0088457969E-03    1.0926521685E-03
    2.0368095600E-03   -1.3541306810E-02   -1.0287556651E-02
    1.1634187215E-02   -9.4949582539E-03    2.7740233761E-03
    1.0164599619E-02    2.0810096793E-03    1.2597513268E-02
   -6.1386431086E-03    2.8527189281E-02    1.5406876446E-01
    2.8955156268E-03   -9.3626612443E-03    7.0655843927E-03
    3.6747878582E-03   -6.5848783290E-03    6.3223224696E-03
    2.7370013220E-03   -6.4351579553E-03    8.6877913095E-03
    2.0203907759E-03   -7.3161303418E-03    8.7224692228E-03
    2.2745758390E-03   -5.9109761070E-03    4.4066544923E-03
   -6.7957586106E-04   -1.2100065066E-02    9.3766779767E-03
    3.5727176941E-03   -5.7741674258E-03    9.8377130176E-03
    3.1820602789E-03   -5.2518093372E-03    4.9385169137E-03
    2.1075749381E-03   -6.5120083301E-03    5.6204088634E-03
    3.7485179929E-03   -5.3620242686E-03    5.0449647619E-03
    2.5255574074E-03   -5.3315397357E-03    7.6229496803E-03
    1.2767690681E-03   -3.3901035300E-03    9.9496695360E-03
    2.3239694170E-03   -8.1919612223E-03    6.1272349943E-03
    6.1164162745E-03   -3.6313486788E-03   -6.9056991847E-03
    6.4625564393E-03   -4.7565578710E-03   -4.8106031120E-03
    5.2068746732E-03   -4.7761432813E-03   -3.8328514021E-03
    5.5544566868E-03   -5.2843676571E-03   -7.4881922884E-03
    1.1399096505E-01   -3.0706674655E-02    3.1044082096E-02
    2.5536875575E-03   -3.8690126739E-03   -2.1666884364E-03
    2.0766259857E-03   -3.3214343886E-03    8.2049945475E-04
    2.8038556530E-03   -2.9127920417E-03    3.1590620443E-03
    1.3871334731E-03   -1.6443404810E-03    1.4930985913E-03
    9.9518962592E-04   -4.7292133558E-03    6.7915917516E-04
    3.7033214188E-03   -2.9715992062E-03    3.1372738237E-03
    2.8347090606E-04   -1.0887066070E-03    2.6471931093E-03
    4.8230134667E-03   -5.9155926229E-03    8.2958033716E-03
    6.8247660775E-03   -1.4687502232E-03    6.6808674348E-03
    7.0050400510E-03   -1.0031624260E-03    4.3694713885E-03
    5.6102981138E-03   -1.0874942115E-03    2.5676723412E-03
    1.3006436777E-02   -2.5299044140E-03    8.1992318510E-03
    1.0210908910E-01    1.0786208997E-01   -6.6220240103E-01
   -1.5114663406E-02    1.7836490363E-03    1.8048581028E-02
   -4.3283004571E-02   -8.4818812245E-02    2.9311447323E-02
    9.5508337168E-03    3.9878149008E-03    3.0419221901E-02
    2.5827467150E-02   -7.5349640426E-03   -3.4725048224E-04
    1.2542351475E-02    9.6792810439E-02    1.1085513753E-01
   -1.8503295922E-01   -2.9985857263E-02   -3.9192109816E-02
    4.0301700190E-02    1.3477819676E-01    1.8772131963E-01
    6.5862877089E-04   -5.1049250512E-03    1.7701542704E-03
    2.0096212603E-03   -9.3540516271E-03   -1.7352505383E-03
    2.0046669701E-02   -7.3345377031E-03    1.6299738910E-02
    1.3213103503E-02   -1.7988778039E-02   -6.4569516972E-03
   -2.2544286055E-02   -4.0274417242E-03   -2.6087526822E-02
   -2.6809607688E-02   -9.2911093196E-04    1.6553660052E-02
   -9.3722361705E-02   -4.0973927792E-02   -9.3535345691E-02
   -4.1374499184E-02   -5.1679924154E-02    1.1733042174E-01
    2.0103999663E-03    1.4462040487E-02    1.8670192168E-02
    1.5753049058E-03    2.0332963210E-02    2.4036935147E-02
    1.8159388521E-03    1.0934619070E-02    2.0182368364E-02
    3.9229109186E-03   -1.0606985742E-02    7.1921290287E-03
   -2.6947436225E-01   -3.0011001987E-02   -1.0701919538E-01
    6.0917849918E-03    2.6572927291E-02    3.1436452358E-02
    6.0841118970E-02    7.4726646314E-02    5.0261995316E-05
    1.7145277204E-02    1.5973809114E-02    1.1771576136E-02
   -1.1663106419E-02   -1.3979315111E-02    6.1129610388E-04
    3.5847286866E-02    6.1083926084E-02   -3.8512828938E-02
    1.8329914036E-01    5.2799864482E-02    4.6619741524E-02
    1.2740030655E-02   -3.7827368276E-03   -5.0642325611E-03
   -7.0684170495E-04    1.5504894895E-03    1.0049132674E-02
   -1.7530827849E-02    1.6732465002E-02    3.0101482427E-03
    4.9221816071E-02   -7.4173114630E-03    5.7295457068E-03
   -8.2706829182E-02   -9.8911072730E-03   -3.6845595061E-01
    2.1251451676E-03   -1.6949270278E-03    4.3283690012E-03
    1.9364850249E-04   -4.2082236002E-03    3.7730963247E-03
   -2.7092345377E-03   -7.3259085707E-03    3.4630571518E-03
   -1.1358156835E-02   -3.1489903425E-02    1.7591153818E-02
   -3.2691715063E-03   -3.5974373854E-03    5.5172067849E-03
    1.2494157774E-03   -3.2614748694E-03    1.7242935591E-03
    2.3067944778E-03   -7.4413718463E-03    2.5486904061E-04
   -1.9750832538E-03   -3.5608366262E-03    5.0037367008E-03
    7.7340602147E-03   -4.7552759512E-03    4.6790398385E-03
    5.2622422338E-03   -5.6269299529E-03    4.4311983631E-03
    5.5999058755E-03   -2.7160174813E-03    8.5510210540E-03
   -2.2884247361E-04   -2.2617762682E-03    6.1954643617E-03
   -8.3870378231E-03   -1.1925702574E-02    9.3886055259E-03
    2.0578043371E-03    4.2909152251E-03    9.2582475454E-03
    1.7952424612E-04   -4.7945121276E-03    9.7566059248E-03
    7.0745542384E-03   -2.9139288489E-03    5.8608003968E-03
    3.7771615987E-04   -6.5519487947E-03    3.3947640705E-02
    4.6471875985E-03   -6.7152972370E-03    7.3509194618E-04
   -2.7867668613E-02    5.6586925794E-02    2.8761085883E-02
    3.4108467678E-02    3.1286155821E-02    2.3586649412E-02
    4.9981760340E-03   -8.5525033648E-03    8.9246767184E-03
    1.0422904092E-02    5.0737050050E-03    2.4527691273E-02
    8.4428629245E-03   -5.9578982031E-03    3.3297639222E-03
   -5.0274750568E-03   -4.6768092705E-02   -4.8225612520E-02
    2.4050910844E-03   -5.3664807603E-03    1.0005245330E-03
    3.6324261722E-03   -7.1944481348E-03    1.6355907949E-03
    9.2122100336E-04   -9.0695516702E-03    9.0862399855E-04
    1.8948810343E-03   -5.8304078268E-03    2.2135373199E-03
    3.1271079630E-03   -4.1365125973E-03    3.9333942273E-03
    2.2366408510E-03   -1.1710656576E-03    2.9261384701E-03
    1.6429379365E-03   -2.6539465699E-03    1.9552928776E-03
    2.9113794217E-03   -3.3293195117E-03    2.7671089458E-03
    4.2363527978E-03   -3.0829495304E-03    3.5912614910E-03
    2.1033564749E-03   -6.3970639936E-03    1.9846641697E-03
    1.2862696804E-03   -3.7687798939E-03    1.4700707320E-02
    2.4892194304E-03   -5.5523122831E-03    3.4468357083E-03
