   -7.2045480629E-03   -1.2166251268E-03    3.4027377842E-03
   -2.1582977675E-03    1.2307446514E-03    1.3808590613E-02
   -1.2564091127E-02    1.4775240625E-02    2.1870604927E-02
    3.2657363823E-02    8.6223664585E-04    1.2915515920E-03
   -1.7629918495E-02    1.6999916596E-02    3.0224446840E-02
    1.9777768071E-02   -1.4984304799E-02   -5.7141666608E-03
   -1.3585646061E-02   -1.4055707902E-02   -6.2301977484E-03
   -1.4622753700E-02    2.6570215186E-02   -2.5028730730E-03
   -5.6051266668E-03   -3.0471014652E-03   -1.2618684915E-02
   -3.0015333323E-02    7.0573533696E-03    3.8121021956E-02
    3.1999117421E-02   -9.7574441467E-02   -7.3948592900E-02
   -1.2529516055E-03   -5.6867342703E-02   -5.7009977068E-03
    4.1357801862E-03   -2.6118561279E-02   -8.7739933604E-03
    9.0103432130E-03   -3.8537412147E-03   -2.1036985356E-02
    4.2843417076E-02    3.3798402477E-02   -1.2501226869E-02
   -3.8635340147E-03   -8.6233281484E-03   -3.9401083328E-02
    8.3827051313E-03    1.5317277141E-03   -1.6769033922E-02
   -7.8032079570E-03   -3.2859520371E-03   -2.7642927295E-03
    7.3039005601E-03   -4.8495297325E-03    3.3328100632E-03
   -6.9342707899E-03   -2.4277095453E-02    2.4759635415E-02
   -5.3057492578E-03   -3.5656425925E-03   -2.5140680895E-02
   -5.9529249661E-03   -9.8883819238E-03   -6.1198616589E-03
    2.8078145977E-02   -5.9180218962E-02    2.3002078951E-03
    8.1198660284E-03   -3.6391234592E-02    5.1983166038E-02
    7.8535516096E-03   -1.9881712054E-03    9.3512372951E-04
    2.6512430432E-02   -1.7745735078E-02   -9.6045694804E-03
    1.7181273767E-02   -6.0916255495E-03   -1.2604590020E-02
   -8.2025420744E-03   -9.3967656981E-03   -7.7829531207E-03
    1.2366434371E-02   -2.4744887664E-02    2.0600443891E-02
   -1.3187718137E-02   -1.2209777163E-02    1.2505017933E-02
   -1.9849675437E-02    7.4704290872E-03   -9.8347382671E-03
   -2.5352273493E-04    1.3902997708E-02   -6.9462041881E-03
   -8.2195404406E-03    8.1479105226E-04   -1.3837141623E-02
    5.8910582757E-03   -6.5774025888E-03   -4.3396019756E-02
    9.8281737946E-03    2.8209061239E-03    3.5350984307E-03
    3.2929226663E-03    1.1605600011E-03    1.6863148288E-03
    3.8157573717E-02   -5.6440816378E-03    1.5797915343E-02
   -2.7456589014E-02    4.0936637608E-03   -2.7889171164E-02
   -1.1622014315E-02    1.0837026150E-03   -1.8050452278E-02
   -1.3729645406E-02    7.7294448188E-03   -2.5159093216E-02
   -1.6627548803E-01    2.0966643501E-02   -1.0755895951E-01
   -2.0448412424E-02    1.3460189106E-02   -4.2035868006E-02
    4.4854620670E-03    6.9285156425E-03    8.0276914390E-04
    7.7216017905E-03   -1.3375482341E-02   -3.4500745713E-02
    4.5011042434E-03    1.3586934861E-02    3.2746463338E-03
    1.7374923235E-03   -3.2163569819E-04    2.3532106297E-03
   -4.1886781689E-03    1.0872364095E-02   -1.2252695800E-02
   -5.7769161731E-03    3.1827351669E-03   -3.9183729011E-03
   -2.4373165253E-02    1.9133887814E-02   -4.8105633132E-02
   -2.9370366161E-03   -1.7674329785E-02    3.3034391991E-02
   -1.5326140229E-02    2.0154388955E-03   -4.9495957188E-03
   -8.0777720070E-04    3.3098200084E-02   -4.3686340964E-02
   -5.3200345987E-03    9.4152950837E-03   -1.8117290370E-02
   -2.3983874939E-02   -2.0529063787E-02   -2.9293560585E-01
    1.4193766865E-02   -5.9881495601E-03    9.2243491774E-04
   -1.8277291947E-01   -6.1086006452E-02   -1.4272713252E-01
   -5.7836424863E-02   -1.5812417803E-03   -1.3400748441E-02
    3.0160980666E-02    9.5114258959E-03    2.6754374248E-02
   -8.6159481538E-04    2.4574279386E-02   -8.3703352189E-03
    2.7770571579E-02    3.9062349082E-03    1.8803813481E-02
   -1.1964159639E-02   -9.0450077493E-03    1.8553685173E-02
    9.3105867341E-03    1.6486836010E-02   -1.9905548722E-03
    4.5535475423E-04    7.2818909393E-03    1.9462511830E-02
   -6.6932664356E-02    2.3809184541E-02   -3.3607306735E-02
   -1.6197181301E-02    4.4408880097E-02    2.9833627798E-02
   -4.5051889841E-02    9.0183299518E-03   -2.4063422024E-02
    9.5539541719E-02   -1.2752908076E-02   -4.5879828757E-02
    1.2995365470E-02    7.5017792209E-02    6.8499641069E-01
   -5.8979543427E-02   -3.1419401638E-03    2.8631761726E-02
   -3.0983729346E-02    4.1882320371E-02   -3.1406064410E-02
    3.5415029873E-02    2.6118299441E-02    4.6535807268E-02
    2.5980219586E-02    1.2635337629E-02    4.0667274633E-02
    1.0712431602E-02    7.4720428252E-03    4.0316755721E-02
    1.2634300531E-01    2.5209061879E-03    1.3709735130E-01
    2.6854888938E-02    4.7093622065E-02    6.4604161601E-02
    1.7506533021E-01    9.3585028549E-02    1.3122269216E-01
   -1.8571526880E-02   -5.2112771846E-02   -2.7016971389E-02
   -2.4027626066E-02    8.8914145456E-03   -4.1475008071E-03
   -5.1360817655E-02   -8.0179964942E-02    6.0828426524E-02
   -2.1811993881E-02   -7.7628926817E-03   -4.1087656967E-02
   -1.7519875750E-02   -1.2111378667E-02   -3.6294524434E-02
    1.8440811851E-02   -1.0833683614E-02    1.3289051485E-02
    8.1726658994E-02   -5.9818659903E-02   -3.6394102271E-03
   -4.0221343581E-02    2.9151046333E-03    8.4861099328E-02
    5.2343609779E-02   -1.8450571308E-01   -4.8296848230E-02
    3.2962103492E-03    1.2800281162E-02   -1.2167174738E-02
   -1.0739463764E-02    1.3394601976E-03   -1.1090359272E-02
    9.3696343800E-03    6.5240484077E-03   -2.6660619046E-02
    3.8406729043E-02    1.1313648456E-02   -2.9292295694E-02
    2.0008531828E-02    1.2712505844E-02   -1.5792257623E-02
   -7.3337117101E-03    1.6578944268E-03   -1.2766355257E-03
    5.8073589316E-03    2.5706982887E-02    6.8393228977E-03
   -4.2970755382E-02    7.9311445413E-03   -1.5647166742E-02
   -3.0893937650E-02    4.1799114268E-02   -3.2624153073E-03
   -2.1836496341E-03    9.9944013218E-03    2.9109058814E-03
    1.0678181142E-03    8.9769121672E-03   -2.2464079570E-02
    4.1200667405E-03    3.7784619993E-03    6.4693824727E-03
    2.3668601665E-02    8.5360704041E-03    3.7597832459E-03
   -1.6579614979E-02   -2.9452868590E-03   -2.2371521017E-02
    2.1719570465E-02    1.6091682087E-03   -1.0512351668E-02
   -6.5218519715E-03   -2.4928735235E-03    1.7404208356E-02
   -3.9116423788E-03    7.1365423695E-02   -1.4648628390E-02
    1.3840769407E-02    1.0827324172E-02    2.5636534074E-03
    4.8562784883E-02   -7.4741530373E-02   -5.7614904063E-02
   -6.7500161850E-03   -2.6917026798E-02   -4.6822842102E-02
    1.5073924268E-02    3.8452503113E-02   -2.4856150548E-03
   -1.9532177718E-02    5.1279546567E-03   -8.8689705350E-03
   -4.8763197510E-03    1.0235881044E-02    1.6129255527E-02
    1.4916665890E-02    1.0270242590E-03   -2.1358523506E-03
   -2.1963357081E-02   -1.5072980771E-03   -3.9798577739E-03
    3.8698137149E-03    5.9826421795E-04    2.5853195775E-03
   -4.9787612959E-03    1.1689906431E-02   -8.8232588617E-03
    2.1270447902E-02    1.1761416939E-02   -1.3603299993E-03
    2.8741398936E-03    7.0750518255E-03   -2.9764734057E-02
    7.7448402814E-03   -9.5065516187E-03   -2.4825073501E-03
   -1.3413520277E-02    4.5552553574E-03    2.6531361904E-03
   -9.4058658909E-03    1.0862400096E-02    1.3020933798E-02
    1.8184380429E-03    1.2105218147E-02   -2.1388334703E-02
   -5.0431641921E-03   -7.9689840632E-04   -3.4228806135E-03
    1.5378513010E-02    8.3832029627E-03    1.5148179393E-02
    1.0691676414E-02    3.3528548425E-02    3.6214283244E-02
