    5.0983871753E-03   -6.4182227629E-03    3.1239596902E-03
   -4.0854582578E-03   -8.8362044455E-03   -1.1938457577E-02
    8.2262376858E-04   -4.5619557558E-03    3.4534988901E-03
   -1.5561225736E-02   -1.3820267491E-02    1.0257913477E-02
   -2.2792751530E-03   -8.5431467905E-03    3.7145825130E-03
   -4.2788058785E-03   -3.9758482525E-03   -7.4769304656E-03
   -9.6125930738E-04    8.4246073249E-04    5.2790987861E-03
    4.6079271458E-03   -2.9358069458E-02   -6.3417232915E-02
    6.0126824849E-02    2.7357973358E-02   -7.0175159221E-02
   -6.2558314720E-03   -4.6619295348E-03   -1.7523752093E-03
    1.3972608032E-02   -6.4434271175E-03   -1.6519556653E-02
    3.1874466934E-02    6.3290583740E-02    1.0569631324E-01
   -7.2084783027E-02    7.4596182169E-02    4.0765360227E-02
    1.3623766320E-02    4.4668075091E-03   -3.7643793474E-03
   -5.0746852506E-03   -5.1412729060E-03    3.7790898013E-04
   -1.7324596499E-02   -3.8163381950E-02    3.2188464312E-02
    5.1123357529E-03    1.4189595412E-02    8.7939420554E-03
   -5.9023451689E-03    8.9665176289E-03    8.2370646631E-03
   -4.8689598835E-03   -1.4038162997E-02    8.2594931459E-03
    1.4437232985E-02   -1.7690097675E-02    6.5293684872E-04
   -8.5888296822E-04    4.1364607098E-03    1.4529266688E-03
   -1.7971117250E-02   -1.2934702747E-02    1.2947833532E-02
    1.1260791462E-01   -7.1663485498E-02    8.3573377912E-02
    5.9869993439E-02   -1.0311041987E-01   -4.8924869860E-02
    1.8026698574E-03   -2.8513560675E-04    3.4468288834E-03
   -6.2638795179E-04    1.5639698746E-03    8.2874251926E-03
    3.3708388235E-03   -8.7637459251E-04    6.5850330023E-03
   -1.4243987045E-02   -2.7744331730E-02   -1.5493159633E-02
   -5.4307431045E-03   -2.6277598115E-03   -4.6413958308E-03
    1.1588288501E-02   -6.7369691057E-03    5.0593549193E-04
   -4.1832520889E-03   -3.5697160338E-03   -1.8339871884E-02
    7.3723480544E-03    2.7304244203E-02   -2.2730323720E-02
   -1.3215744857E-03   -2.8606887552E-03    3.8656518213E-03
   -1.5721617621E-03    5.6610853062E-03    1.0888018575E-03
   -1.8760506614E-03    6.1658401366E-03   -1.0065237234E-02
    1.5664028334E-03   -4.7715708062E-03    6.4208009226E-04
    3.3792492231E-03   -3.9077068729E-03    1.4575698857E-02
   -1.9508043773E-03   -1.1376482028E-03    4.4285848786E-03
    7.1130816205E-04   -1.1325720276E-03    2.2151983274E-03
   -2.8697050920E-03    4.4789257393E-04    4.6141663580E-03
   -3.8384636025E-03   -7.9033208534E-04    6.0886999364E-03
   -2.0820059774E-03   -2.0311138105E-03    4.7683376834E-03
   -3.6783171880E-03   -4.3466420098E-03    1.1925880445E-02
    1.7985396747E-03    2.8291226037E-04    5.5569657231E-03
    3.4486571215E-03   -5.5373377386E-03    7.3395273640E-03
   -5.9585671533E-04   -2.4648057941E-03    2.9887032078E-04
   -5.3787048202E-04    3.9063434183E-03   -1.3768174500E-02
    2.6417881671E-03   -2.8803350918E-03   -9.7722158951E-04
   -1.1159953943E-02    1.3705510819E-02    7.6353286248E-04
   -4.4259092341E-03    4.8438954955E-03   -2.1537838235E-03
    1.8515216529E-03   -7.0841289277E-03    1.0906107134E-02
    1.0842794464E-03   -1.3151028598E-02   -1.2100066656E-03
   -3.4290297096E-03   -4.4718322401E-03    4.1195630632E-04
   -8.6797264252E-03    7.0237235725E-02   -6.9807031386E-01
    3.4836327823E-03   -1.2145578460E-03    3.1222244861E-03
   -2.7351997035E-03   -8.7131934074E-04    2.0878839974E-03
    1.2301472770E-02    3.7940416463E-03    2.7600855313E-03
   -3.8167501257E-03    4.1842921993E-03    8.4050838480E-03
   -2.6736698148E-04    1.0931883131E-03    8.1169896468E-03
   -2.0033902649E-02    9.1461529488E-03   -6.1337212309E-04
    3.5493091720E-04    6.6327384037E-03    6.9400057247E-03
   -4.9622840044E-03   -2.9266461546E-03    5.4961845592E-03
   -3.6318938311E-04   -2.2921573546E-03    6.8931974750E-03
   -1.5419047409E-01    5.2233448871E-02   -7.8245442053E-02
   -6.4348530635E-02    1.3875858501E-01    1.0406554962E-01
   -2.3107696883E-02    9.2208588131E-04   -1.3051435643E-02
   -2.5017254711E-02    3.8825863583E-03    1.8547221763E-02
   -7.4551439188E-03   -2.5785210617E-02    2.0872408755E-01
   -1.3054617627E-02    1.0386853601E-02    1.3540104235E-02
    5.7928734341E-03   -1.9165468960E-03    1.6856277429E-02
    4.7974797229E-04   -1.2552055563E-02    1.8683400887E-02
    2.6200201183E-03   -9.7432581456E-04    6.8578598371E-03
   -8.3805108181E-04   -1.3842373422E-02    3.0493538765E-02
    2.1875052323E-03    3.2257932741E-04    1.2594432604E-02
    4.5540350766E-03    1.1209851763E-04    8.8325447859E-03
   -1.2596089345E-02    9.3528628525E-03    3.0152862915E-02
    7.5479008617E-03   -2.4511669900E-03   -1.9882282456E-02
    1.5530223453E-03   -2.0739354571E-03    9.9525912578E-04
    4.5568006876E-02    3.6266320063E-02    2.0184597077E-02
   -3.1987980696E-02   -6.7279136588E-03    4.0666619425E-03
   -4.8102209266E-03   -6.9281554773E-03    3.0784686472E-04
    2.7124488085E-03    1.6846526055E-03    5.0701803101E-03
    2.1623028509E-01   -1.9860039466E-01   -1.1930270559E-02
    5.3880356006E-02   -1.1019585759E-02    1.0478287519E-02
    8.3442674744E-03   -8.3998887266E-03    8.4942067972E-03
    4.1349531018E-03   -3.2475078529E-03    1.4108919541E-02
    1.0025036838E-03   -1.1898277852E-03    2.4098746657E-03
   -1.5399343222E-02   -3.5924810962E-02   -1.8159363102E-03
    3.0253607039E-03   -1.8637212699E-03    7.8331789040E-03
   -6.2103304247E-03   -3.3480005383E-03   -1.2734229979E-03
    7.8795944500E-04   -2.4477446502E-03    6.9664308028E-03
   -4.5294456815E-03   -7.6282380638E-03    1.5248434317E-03
    1.3690206160E-02   -7.7191968175E-03   -2.7792961715E-03
   -7.6972742452E-03    3.3257466620E-02   -2.6214076067E-02
   -1.9924787329E-02   -1.8969569188E-02    8.6001841299E-03
    5.0203033454E-04    1.2241915551E-02    1.7382746464E-02
   -3.5343292311E-03    2.6371349651E-02    4.8553344655E-03
    4.6309917023E-02   -4.4923538964E-02    8.2340870554E-03
   -7.5111950627E-03   -1.6928529683E-02    1.2122949208E-02
   -7.3516168890E-03   -9.1185047124E-03    1.7332393539E-02
    9.2975305193E-03   -8.6275426433E-03    7.9354665319E-03
   -2.1736816291E-02   -1.3856170555E-02    2.8672306732E-02
   -1.0342148597E-02    2.3046742808E-02    1.4529340388E-02
    1.6707266910E-01    1.3932823153E-01    7.8335336060E-02
   -2.9862161123E-01    4.1728326784E-02   -1.8331876907E-01
    1.3895268457E-02    1.7443113654E-02    1.1002601004E-02
    1.1367959148E-02   -4.9929156258E-02    2.0871851228E-02
   -5.1093936143E-04   -4.4012266922E-03    3.4156588432E-03
   -2.9934408597E-03    2.3613041336E-03   -8.8489853598E-03
    3.5693844707E-03   -1.3417415881E-04    1.5387141456E-03
   -1.1072111759E-02   -1.4904554235E-02   -1.8507138892E-02
    9.2089688226E-04   -1.1315077772E-03   -7.2764716435E-04
   -1.1079413308E-03   -1.3495761417E-02    4.9823311677E-03
    4.5768906604E-03   -4.3079655813E-03    9.4526065922E-03
   -1.3343274197E-03    1.9737069133E-03    1.0239540458E-03
    7.5349600207E-03   -1.7364355786E-03    6.6159130423E-03
   -3.5359384936E-03    2.4115211297E-02    2.7965834880E-02
   -1.6929673239E-05    1.2691539503E-02    1.4948717982E-02
    5.0411849714E-03    5.1811078523E-04    7.6929357779E-03
   -1.4837614194E-03   -2.1648998923E-04   -8.2971533679E-03
   -3.1457197309E-03   -3.5701268347E-03    2.9941367913E-03
