   -3.3618264739E-03   -2.2971082854E-03    2.5551883437E-03
    1.5528492049E-04   -1.5179919580E-02   -4.9888252484E-05
   -6.1704461935E-03    3.0003592390E-03    7.1044305769E-03
   -2.4433185984E-04   -2.0930881505E-03    5.5593242476E-03
    6.6749468778E-04    4.3017899059E-03    8.4594421577E-03
   -1.2601203412E-02   -3.2587525621E-03    9.7780908265E-03
    3.7028791150E-03    6.8018580571E-03    2.9664784039E-03
    1.1701027684E-02    2.4657093019E-02    3.6825979529E-03
   -4.5761299272E-02    1.2841864463E-02    1.3691944926E-02
    6.1921276557E-04   -3.1399568232E-02   -1.3793990768E-02
   -4.6515596280E-02   -4.2523777034E-02   -1.0768323798E-01
   -1.2499438798E-02   -9.0343378154E-04   -1.3150637129E-03
    1.8601164446E-02    3.2307856905E-02    4.3558116861E-02
   -1.7913615203E-02   -1.0810035166E-02   -2.9936284063E-02
   -4.7089275322E-03    7.5632044325E-03   -3.5288007398E-03
   -1.4338496140E-02   -2.1824781256E-02   -1.5029349996E-02
    2.7304035407E-02   -3.1611400144E-02   -1.5618106053E-02
   -2.1959382550E-03   -1.2655968697E-02    1.0364827896E-03
    1.0739980545E-02   -2.6366518259E-02    1.6232477352E-02
    3.1885943700E-02    8.5139815122E-03   -5.0256340606E-03
    3.4617355049E-02   -2.2235379334E-02   -7.8545073401E-03
   -1.1263169602E-02    2.5805880680E-02    1.0181561503E-02
   -6.2457869619E-02   -1.0249585530E-01    2.2554043844E-01
    1.5193912030E-02    1.0734209913E-02    4.5991331291E-03
   -2.2961082847E-03    2.7907785182E-03    5.9740810711E-03
   -6.1258887361E-03   -1.2395019871E-03    1.6159015209E-03
    1.2657090641E-03    5.1582806369E-03    7.5709389135E-03
    1.9643773961E-03    3.7972556094E-03    2.2488876894E-03
   -2.4798522611E-04   -8.4875905428E-03    3.6055795168E-02
    2.1186315241E-03   -5.5422356162E-03    3.7722662903E-04
    5.5556515551E-04   -3.0464907777E-03   -1.2894644387E-02
   -5.9056767379E-03   -6.6707458766E-03    7.4607424093E-03
    3.6155120748E-03    4.4079157846E-03    4.6132496838E-03
   -6.5688818004E-03   -4.4922386241E-03    9.9625541040E-03
    8.5639034149E-04    3.1462582467E-03    2.6089403596E-02
    5.8547889768E-03   -1.0048744876E-02    1.6714566880E-02
    1.3767549626E-03    1.1008487745E-03   -2.4398725300E-03
    5.5554974944E-03    5.1268889814E-04   -1.8818967444E-03
   -1.2702945816E-02    6.0097264556E-04   -1.8336168618E-03
    7.3810134851E-03   -2.2101149006E-03    1.3880305849E-03
    4.4810435819E-03   -2.6279253633E-03    3.7892271713E-03
    4.0678465994E-03   -2.4535886875E-03    4.9308731292E-03
   -3.1846107404E-03    1.7125939054E-02    2.1047849887E-02
    3.9604548490E-03    2.6061156429E-03    5.1463213774E-03
   -4.0934888488E-03    5.2560227697E-04   -2.0990504655E-03
    4.9575734729E-03    4.9238147077E-03    2.9155497373E-03
   -1.6198628856E-03    4.7919171687E-03   -7.6571690439E-04
   -1.5238311776E-03    1.9940645589E-03   -9.4761925346E-05
   -8.7333827746E-03    1.1331471073E-02   -1.0421179931E-02
    7.8431577439E-03    3.9254690858E-03   -8.3096279436E-03
    1.7818910484E-04    3.3232138927E-02   -4.6114100876E-02
    5.8920397213E-03    1.8401870630E-03    3.2208874981E-03
   -5.5746651662E-03   -4.1340032501E-03   -2.4495029544E-03
    1.0765447922E-01   -1.1921280021E-02   -6.1308174127E-01
    4.5433533171E-02    5.4419262743E-03    2.0130679166E-02
    1.2783399216E-01   -1.7652423026E-01    5.6680319113E-02
    2.9466208615E-03    1.4332225126E-03    5.4854534876E-03
    1.2069878638E-03    2.4032862976E-03    7.7270432641E-03
    3.0138691650E-03    4.3517536286E-03    7.7780337861E-03
    1.7400183309E-03    1.4342349072E-02    2.7234843714E-02
   -5.7410206700E-03   -1.2832511144E-03   -1.0030422437E-02
    3.1431688842E-03   -7.2510504801E-05   -1.9718402739E-04
   -1.2263382722E-03    1.1215883438E-03    5.5926922042E-04
    1.7684145186E-01   -4.2310158262E-02    9.7745052611E-02
    8.0498430277E-02   -1.6105449337E-01   -1.0218621084E-01
    6.7411384491E-02   -1.2969653238E-02    7.1079433574E-02
    9.9887137357E-02   -1.3343700176E-02   -5.7264553186E-02
   -1.3706053721E-01    1.2448673571E-01    2.6122265040E-01
   -5.1446687755E-03    4.9842542773E-04    4.6604074360E-03
   -5.3058696301E-03    1.3575834833E-02    3.1339150089E-03
   -3.0594216647E-03    8.2650671826E-03    7.8903781339E-03
    1.1832977411E-02   -1.3463275430E-03    2.8116578996E-02
   -5.0321507399E-03    1.0654134941E-02    3.3919292890E-03
   -3.8014971117E-03    1.2434048507E-02    1.5544991628E-02
    2.0163717403E-03    1.5356807359E-02   -5.0935711300E-04
   -1.0432214597E-01    2.2197008994E-01    5.7718015212E-02
    4.3149305611E-02    5.7393228339E-02    1.9861271652E-03
   -3.9616178163E-02   -5.0164165354E-03   -3.0215613500E-02
    9.3120456981E-03   -2.1761180445E-03   -1.5886088515E-02
    1.2878589972E-02    1.0092425384E-02   -1.9766041081E-02
   -1.0770175336E-02    6.4271239286E-03   -1.7578313469E-02
   -7.4284726442E-04    2.0623270186E-03    9.1234018615E-04
   -2.4407851548E-01    1.9497394309E-01    7.7220659100E-03
   -1.4959992255E-01    2.5837534150E-02   -1.6701236457E-02
    8.0985893944E-03   -3.1046646723E-02    5.9203418530E-03
    2.0561092685E-02    9.9737654012E-03   -1.4714719274E-03
   -1.1222373798E-02   -1.7200158432E-03    3.4912475762E-03
   -2.5572598798E-03    1.5522936812E-03    2.0957676063E-03
   -2.7756159922E-03    8.0122547054E-03    1.2197461461E-02
   -3.3102179189E-03   -1.5549586608E-03   -1.2025928707E-02
    2.0891451762E-02   -1.0866220984E-02    3.9958479469E-03
   -1.5904906560E-03    1.9520711624E-03    8.3645714532E-03
   -2.6155888202E-02   -3.2520499958E-02    2.0241308957E-02
    4.6663657464E-03    6.9234862412E-03   -4.9608129026E-03
   -1.5316339599E-02   -2.6191072660E-02    1.2767444350E-02
    4.4440938822E-03   -1.0035270859E-02    1.8675790506E-02
    2.2857975142E-03   -8.3698155324E-05    2.0097604224E-02
   -1.0093891798E-02   -2.5922619733E-03   -3.3023933812E-02
   -7.1937905823E-03    1.4724358458E-02   -1.7407597053E-02
   -1.1557031622E-02   -1.5187428162E-02   -1.1089326512E-02
    1.1027585385E-02    4.7998729353E-03    2.8642993896E-03
   -1.3525969728E-02   -4.3201335948E-02   -1.0586163087E-01
    1.4890657591E-03    1.2170636351E-02    7.7431172251E-03
   -6.3549798786E-03   -5.3537673165E-03   -3.9347280900E-02
    8.5565110372E-04   -8.0237913090E-03   -1.8657883934E-03
   -1.2513631436E-02   -2.4848539270E-02    3.3661319530E-03
    1.5065944013E-02    1.9371578504E-04    9.2814176415E-03
    1.8905746295E-03    6.9810914330E-03    5.8051971575E-03
    3.8427455386E-02   -1.0103420894E-02    1.2048405134E-02
   -1.6217320353E-03   -5.6872059403E-03   -2.0323290330E-03
    7.3271178939E-03   -8.9858312589E-03   -9.1038800869E-05
    2.4271183620E-04    4.7043770085E-03    9.7475280038E-03
    1.8337906095E-03    1.0510773559E-03    5.6253623520E-03
    1.7774283016E-03   -6.7434362141E-03   -5.7705452105E-03
   -7.6144304108E-03   -2.0288111515E-03    1.3499387299E-02
    3.4658603188E-04    4.9692730419E-03    7.9495813650E-03
    3.7504715758E-03    8.4038000282E-03    6.5134420265E-03
   -9.3150891344E-03    6.7760312816E-03    1.4993311350E-02
   -4.8293446381E-03   -1.3188300402E-03   -4.4465620728E-03
   -7.7745743785E-04   -1.3733153372E-02   -1.1830490605E-03
    3.5449990798E-03   -1.4013066351E-04    3.1042999454E-03
