   -1.8268798513E-03   -7.2425198443E-03    2.3147419690E-03
    6.1618794562E-03   -2.4711571794E-03   -1.0997185093E-03
    1.1285647652E-03   -7.5188507334E-03    1.4643423735E-03
   -1.6103899506E-03   -5.1133177478E-03    1.4759295201E-03
    2.3176533743E-03   -4.4096794327E-03    9.1811826043E-04
   -4.5629984220E-05    1.4017457028E-03   -6.5059729259E-03
    8.1425083920E-04    1.2458770926E-03   -2.6873083818E-02
    3.1846739666E-03   -2.1427899894E-03   -4.6853871952E-03
    6.8827755422E-03    3.2410248115E-03   -1.1953628216E-02
    4.1486505819E-03   -1.2952371170E-02   -1.1681852322E-02
    6.3125457761E-03   -2.0131710542E-02   -2.2984632689E-02
   -3.4768972603E-05    1.6580171235E-03   -6.9308419950E-03
   -3.3055711590E-02    1.2474894212E-02   -5.8576895785E-03
    1.1913932107E-02   -1.4558542612E-03   -6.5451659538E-03
   -2.9032004308E-03   -3.4846321192E-03   -3.7956506764E-03
    1.3147807632E-02   -5.7459994343E-04   -8.5418731301E-03
   -1.5623363285E-02   -6.2074132002E-03   -1.1229191092E-02
    9.3590413895E-05   -9.1198468241E-03   -2.3650349019E-03
    4.6706630354E-03   -3.7067506100E-03   -2.5225195851E-03
    5.4313394372E-03    8.1397093126E-04   -8.3121479647E-03
    7.1990449973E-03   -4.1713204477E-03   -1.0552283910E-02
    7.4346752417E-03   -1.2919306430E-03   -3.7636780611E-03
    7.2056591164E-02   -6.1015532432E-03   -7.0006894386E-02
   -2.4449089919E-03    7.3957399064E-04   -1.1378956612E-03
    2.9398939101E-03   -7.1936251879E-03    3.6492323333E-03
    5.3313591228E-03    2.2377701819E-03    2.4184423101E-04
   -6.1869869802E-03   -4.2504711320E-03    9.9802872542E-04
    3.3063086730E-03    6.3217175947E-03   -1.6399462985E-02
   -2.3181055977E-03   -1.0188004281E-02   -4.5815070271E-03
    1.7354625517E-02   -1.0240513578E-02    6.0439171760E-03
    2.7684709427E-03   -3.7785928600E-03    1.2431551520E-03
   -1.0561282875E-02    2.2093599027E-05    2.1626180125E-04
   -7.6018749459E-03    1.2014979507E-02   -2.6574298246E-02
    4.3468512415E-03    1.0258835445E-03   -1.0075093269E-02
   -1.2253233583E-03    1.5242832701E-03   -2.2272089931E-03
    7.5322302063E-03    8.3842521277E-03   -7.9900507487E-03
    7.8075622048E-03    4.3871325458E-04   -5.6959347237E-03
    4.8618841008E-03    1.0393828850E-03   -7.8803747882E-03
    9.6677157480E-03   -1.1106379091E-04   -4.9493346357E-03
    3.6259987594E-03    6.2912952865E-04   -5.0799838529E-03
    9.0146049402E-03    1.9601150491E-03   -9.8546841473E-03
    8.4980808003E-03    5.8670718151E-04   -5.7476719293E-03
   -7.2168233180E-04    8.3070333798E-04   -4.7179126203E-04
    1.8567958375E-03    2.5480508097E-03   -2.4598923028E-03
    1.5159424251E-03   -3.2630644641E-05    8.9965160723E-04
    9.2504261848E-04    2.3825140770E-03    4.8414106719E-04
    1.9410449143E-03    3.2837742626E-05   -3.6539447645E-03
    1.6470247266E-03    2.8422578600E-03   -4.3908160157E-04
   -1.8828568274E-04   -4.2402066190E-04   -3.5597392888E-03
    8.8704108649E-05    9.6857756891E-05   -7.6637420548E-03
    3.1574033028E-03   -1.4037096392E-03    2.1365309732E-03
    2.8937325775E-03    2.8002949174E-03   -5.7910021575E-03
    6.4870244245E-03    4.2018535808E-03   -1.1077428848E-03
    3.7197089277E-03    3.7130094231E-02   -3.8346493436E-01
   -1.2983479161E-04    9.8149743221E-04   -6.9416519870E-04
    1.6213772533E-02   -1.1179185648E-02    1.7802029716E-03
    5.0738296144E-03   -3.5607482427E-03   -1.2773125233E-02
    2.0387091015E-03    2.3700742702E-03    3.6932722218E-03
    1.0473145550E-02    1.1769442588E-02    2.3796339518E-04
   -3.8400085678E-03   -3.5141645550E-04    3.5278935191E-03
   -1.8016173423E-02   -1.6548454080E-02   -2.1766102768E-02
    1.0939273475E-01    1.4073031028E-01   -6.2255210787E-02
   -4.4469446217E-03    5.5577080050E-02    4.5769628074E-02
   -1.5936614027E-03    3.3824696052E-03   -1.8554036989E-03
    5.0761093399E-03   -4.9159013905E-03   -4.8635051605E-03
    5.2324464890E-03    1.5401122583E-03    3.2892742411E-03
    8.2701845521E-03    7.5051828367E-04   -4.9906264494E-03
    1.0460416459E-02    1.2046351813E-02    5.9928711849E-01
   -2.2725600016E-02   -4.5743468857E-03    1.3808884173E-03
   -5.0615443101E-03    1.4741533583E-02    1.7692668842E-02
   -7.8792870266E-03    1.5511975309E-02    1.7237071822E-02
   -7.6413932476E-04    1.5084837325E-02    1.5481281591E-02
   -4.4996648016E-04    2.0159304162E-02    2.5987925298E-02
    6.3076886866E-04    8.0747151002E-03    7.8486127387E-03
   -9.6967441404E-04    1.1868415494E-02    1.1669180152E-02
   -8.1140663964E-03    2.7113642241E-02   -5.2029375955E-02
    1.4198099809E-02    5.0950234028E-02   -4.4563727556E-02
    5.5170512233E-03    2.1113963971E-02   -9.0899879552E-03
   -1.0990683384E-02   -3.1147018502E-02   -3.5522205189E-03
    4.9582287123E-03   -1.4715860134E-02   -7.9263868465E-03
    5.6447235971E-03    8.2132978947E-03   -1.2843047615E-02
   -3.6816496785E-01   -4.1157290449E-01    2.5126866617E-01
    8.3972622459E-04    1.6823731892E-02    2.8380529048E-04
   -1.8126347200E-02    9.1395656669E-03    2.5951027145E-03
    1.9391588216E-02   -1.8567650893E-01    1.3831538674E-02
    2.0363262361E-03    1.0734691062E-02   -4.0394758787E-03
    1.2444434062E-03    7.1633802158E-03   -4.1567663635E-03
   -6.7780955238E-04    2.0923141938E-03   -4.1270392634E-03
   -7.3099607194E-04    9.4784641655E-03   -7.1184097445E-03
    1.8382604701E-03    9.6989516448E-03   -4.2118235191E-03
    2.0121816390E-04    5.1785466468E-03   -2.0034997663E-03
    7.5169397413E-03   -6.8606344168E-04   -6.6663701401E-04
    9.8313016432E-03   -3.6476559791E-03    6.8826243524E-03
   -8.9262477953E-03    2.6005915196E-03    3.6715577826E-04
    8.6020227408E-03    3.2045104476E-03   -8.9525250840E-03
    5.0394891904E-03    8.5889034489E-03    2.1916713554E-03
    1.4343032540E-03   -1.4585308535E-04   -3.3938026010E-03
    1.4378404923E-02    4.3539714764E-03   -2.8679606750E-03
    1.5315152229E-04    4.6407502302E-03   -9.3834804857E-04
   -1.2772343415E-02    1.1449966767E-02   -1.5298779125E-02
    9.9414836619E-03    5.2671671233E-03    2.9718315908E-03
    1.5316488853E-02    6.1533752074E-02    3.5819006907E-04
    2.7082020484E-03    1.2870692568E-02    4.4598968677E-04
    3.1543553703E-02   -4.2588707185E-03   -1.9495232119E-02
   -4.8919445093E-02   -7.5283131755E-03   -1.9815510306E-02
    8.3309179400E-03    6.1034594531E-03    8.2472192111E-03
    9.8845910297E-03    1.6759520751E-02    2.4290815958E-03
    6.3640608259E-03    1.7268116846E-03    5.7608689088E-03
    4.4885757874E-03    1.0941203383E-02    5.4770238282E-03
   -1.4914492767E-03    1.0907292935E-02    2.5410537978E-03
    3.7197499191E-03    1.2628128566E-02   -6.0483693417E-04
   -6.6188381521E-03    7.0001941548E-03    4.9046591439E-03
    5.5320653393E-05    4.7843314293E-03    2.5030125840E-03
    5.3171045279E-04    7.0126783186E-03    7.3970616526E-04
   -3.4708134378E-04    2.2535517600E-02   -1.8130107766E-03
    4.0886026900E-03    1.2055351638E-03    4.8216696316E-03
   -3.0985432088E-03    6.9781304695E-03    1.7690358875E-03
   -6.2201705683E-03   -2.2723168084E-03   -1.0378121619E-03
    8.6741452867E-03    7.2235076870E-03   -1.7273609171E-02
    2.6435780688E-04    6.9164124307E-03    2.9818198477E-03
    1.6448587160E-03   -1.5481847835E-03   -2.3381584085E-04
