    3.2815018597E-03   -1.9600529506E-04   -2.6738535266E-03
    8.6492324772E-04   -3.3856597197E-03    3.4855019236E-03
   -3.8184440985E-03   -9.7226235377E-03    1.3652902736E-02
    2.0585444570E-02    4.8931302290E-03    7.7876064471E-04
   -1.0911169243E-01    9.7327615774E-03   -5.4425095727E-03
    1.5135761428E-02   -1.3539997137E-02    1.8740733359E-03
   -1.7150525241E-02   -5.2244622629E-02    8.8791532865E-02
    3.4043531300E-03    3.5700529518E-03    6.0139119294E-03
   -7.3981214854E-03    5.0703716341E-03    8.8583263177E-03
    4.3050861348E-05   -9.1887359438E-03   -3.2183764775E-03
   -1.1656160771E-02   -2.6987000982E-02   -4.8988258921E-03
    3.4006502713E-03   -1.4917764137E-02   -8.3768093908E-03
   -2.6306699230E-02    1.3000213723E-02    2.5402094730E-02
   -2.5966994129E-03   -7.6642117511E-03    5.4133547602E-02
    1.3258235724E-02    1.1554472521E-02   -3.4086843504E-02
   -6.4203464978E-03    6.6346806969E-04   -1.2717199492E-02
   -1.4701109196E-02    5.8269610208E-03    6.7639911197E-03
   -3.7391128420E-03    1.9067526359E-03   -1.1718867636E-04
    2.0399347279E-02    1.7238275674E-02   -5.0456247316E-03
    6.2072707333E-03   -6.1765454810E-04   -7.3197765658E-03
   -2.7772519344E-03    3.9519810556E-03    1.4008511914E-02
   -4.9914268341E-02    2.9798036232E-03    1.2342835843E-02
   -6.4874331910E-02   -5.5990390475E-02    1.8560958683E-01
   -6.2221166196E-02    4.4881739787E-02    2.9844734293E-02
    1.1018344425E-02   -3.7436184659E-04   -4.7198759398E-03
    7.5822240865E-03    7.1649244461E-04   -1.9849010700E-03
   -1.7659983065E-03   -2.3144641646E-03    1.7475712065E-03
    1.2068906682E-02   -1.4530802382E-02   -1.0721273388E-03
    6.6904766595E-02    9.2627508697E-02    7.1177329889E-02
   -4.3025348107E-03   -5.9828462186E-03   -8.7754852661E-03
    2.7993277560E-03   -6.9819472690E-03    9.4846080061E-03
   -7.7594789750E-04   -1.7860348212E-02    1.7774097339E-02
    3.1802259127E-03   -1.0185223568E-03   -9.2808055205E-03
   -9.0356286011E-03   -1.0742445811E-02   -9.2608270723E-03
   -7.6158958153E-03   -2.3672222112E-03   -1.2663496022E-03
    5.7278470143E-03   -1.2834252275E-02   -1.0075079704E-02
    2.8541492019E-03   -3.1991823050E-03   -6.8891149559E-03
    1.6201696788E-03   -2.4738287606E-03   -6.4697969877E-03
    3.8325301331E-04   -3.2124567847E-03   -2.9788799074E-03
    1.7787062778E-02   -1.3548799128E-02    1.4489087255E-02
    2.7522595118E-03   -5.8876644455E-03    2.2174114236E-03
    3.7204291604E-04   -2.3866467439E-03   -5.2211054035E-03
    3.6148911748E-03   -1.6507434206E-03    2.9792950015E-03
    1.0226015286E-03   -1.4744400924E-03    6.4926796887E-03
    6.0997226519E-04    2.5827087038E-04   -2.7623218236E-03
    7.6030463141E-03   -7.5220363033E-03   -8.3509859050E-03
    6.0951695864E-03   -1.1347637772E-02    3.3907576990E-03
    8.7995291829E-03    1.8280657422E-03    7.3982374794E-04
    2.6476310393E-02   -1.9916169925E-02    8.8714623460E-03
    6.5739029142E-03   -2.5266257884E-03    7.1455062945E-03
    1.0867877287E-02    1.1189588719E-02   -1.2471721842E-02
   -8.4218318962E-03    1.2897587445E-02    2.2940843888E-03
   -9.6015527905E-03   -1.2758675920E-02    1.1732158231E-02
   -2.5570135369E-02    9.4062122170E-02   -6.4873354918E-01
   -1.3259859920E-03    2.2664499359E-03   -2.1647261949E-04
    2.0669964718E-03    6.8707018844E-03    1.5258459720E-02
   -1.5964994738E-02    3.1431024778E-02    5.6386394890E-02
   -9.6151111112E-03    7.7004480868E-03    4.8049044168E-03
    2.4249739977E-02   -2.3603607638E-02   -9.8843399298E-03
   -3.2373617501E-02    9.6915705292E-03    4.4222565911E-03
   -4.2245312521E-03   -3.0785642986E-02   -7.8468682872E-03
    1.0375451988E-02    2.3389525459E-03   -9.6933373670E-03
    4.8733465228E-03    8.7124671787E-04   -9.2550872346E-05
    6.2369863527E-02   -2.2168508785E-02    2.3362255819E-02
    2.7581876525E-02   -5.7046541517E-02   -4.5254537793E-02
    1.8381795378E-01   -2.7707914951E-02    1.6305285858E-01
    2.1173585729E-01   -4.0415214861E-02   -1.3571861144E-01
    1.2689163737E-02    4.2781939102E-03    4.4389440152E-02
   -1.4698242845E-02   -2.9287571515E-02    4.3020206146E-03
    2.5695093068E-03   -4.4674100448E-03   -8.3619378847E-03
    3.2992869822E-03   -1.5778431462E-02   -1.3237897969E-02
   -1.9984208537E-03   -1.5070253750E-02   -2.1822601416E-03
    1.5402131576E-02   -1.2107524972E-02   -1.8682605499E-03
    1.2464903961E-02    1.5615652350E-02   -2.0642401412E-03
    1.5691290091E-03   -8.5540949794E-03   -7.7764914903E-03
   -5.0133212748E-02    6.9900063146E-02    9.6898946418E-02
    9.9512250994E-02   -4.9785435093E-02   -4.8623609795E-02
    1.9249288944E-03    2.0870231926E-02    1.8048568112E-02
    1.8364123738E-01    1.6010697032E-01   -7.0187167240E-02
   -3.1097067735E-02    9.0967831113E-02   -2.7540851158E-02
    3.8141096106E-03   -1.1565256969E-02    1.9464265901E-03
    2.0205568057E-02   -4.5792139604E-03    5.7410718706E-03
   -5.7440543574E-02    5.9528011151E-02   -1.1347519147E-02
   -3.5782778920E-01    5.6029827180E-02   -2.6271997741E-02
    3.1436320942E-02   -1.7550800690E-01    1.8467265359E-02
    4.3881208820E-03   -9.4389231205E-03   -3.2805960270E-03
   -5.0565293797E-03   -8.7947986940E-03    3.3663376950E-03
   -4.7244256485E-02    2.4892652230E-02   -9.1729305681E-03
   -2.9595230381E-02    2.3863291555E-03    3.0331695579E-02
    3.6360899954E-02    3.0740136048E-03   -2.8083912723E-03
    2.8649499801E-03   -5.8357049456E-03   -1.0076855263E-02
   -3.7842728672E-03   -2.2946217051E-03   -7.5843895245E-03
   -2.7604802166E-03   -2.8818739440E-03    2.1552344711E-02
    1.6070007725E-03   -9.5929579103E-03    3.6786094853E-02
   -2.8185546416E-03   -8.6539258881E-03    9.6690937275E-03
   -4.7577493898E-03   -1.5127808577E-02    1.4282352196E-02
    5.5599324997E-03    3.0610600586E-03    1.8028150637E-02
   -8.8831575079E-04   -3.2591593536E-04    1.3260561719E-02
    7.7269559128E-03   -1.4068300602E-02    8.8352343918E-03
   -4.3106714859E-03   -7.3971357444E-03    9.7456960622E-03
   -1.0839130043E-02    5.2644085943E-03    5.3656330808E-03
   -1.6547831344E-02    2.1137561820E-02   -1.9531744926E-02
   -9.7530223122E-03    3.0178875394E-02    3.6147491821E-02
   -5.2478520419E-02    4.8160518595E-02    5.5170055041E-02
   -4.0745822004E-02   -2.7479982664E-02   -2.8095739493E-02
   -4.8911262093E-02    2.6728941522E-02   -8.8670463968E-03
    2.2629169834E-02    1.2661149046E-02   -7.8691744813E-03
    4.9033930044E-03   -5.4341931493E-03   -4.1920753666E-03
   -5.1434180720E-03    1.1894419581E-02    4.5984550530E-03
   -4.6155614489E-03    1.5689655680E-03   -3.0516816478E-03
    1.4521701414E-03    6.1322487633E-03    1.0299223413E-02
    2.1131930815E-02    1.7754638102E-02    1.8870175023E-02
    1.8042815914E-03   -2.4767001061E-03   -1.1376616294E-02
   -2.7420096648E-03   -7.5575232341E-03   -6.0709894826E-03
    7.0785965687E-03   -7.7127825428E-03    1.2086546799E-02
    6.6482375823E-03   -1.2970775245E-03    8.7327209332E-03
    7.3096089483E-03   -1.5257422527E-02    1.5757044004E-02
   -1.0992930541E-02   -8.7403969393E-03    1.2648793498E-02
   -8.3137076804E-03   -9.1988769972E-04   -1.2025823606E-03
    3.2063782423E-03    7.1869317187E-03    5.6310798561E-03
   -1.4170677817E-03   -2.1674816136E-04   -4.8877795079E-03
