    4.8774724874E-04    8.4720789630E-03    1.3697947335E-02
    4.2617731634E-04    2.6187326869E-03    1.0572002328E-02
   -7.4705801863E-03    3.8305746619E-03    1.2690516666E-02
   -1.0218898182E-03    2.2980747577E-03    1.4175196853E-02
   -4.2914607535E-03    2.1108990560E-03    2.1645408240E-02
   -2.3507954272E-03    8.2732452765E-03    1.6148118241E-02
   -8.6325969511E-03   -8.4457502931E-03    1.3445476125E-02
    2.1618464521E-03   -6.0157779784E-03    4.8825605257E-03
    5.0807496053E-03    2.6205597739E-03    3.0774103083E-02
   -1.0666989069E-02   -4.6025231278E-02   -2.0368770447E-02
    4.0351918478E-03   -1.1366991022E-02    5.9501358046E-02
    6.5196548648E-03   -5.1046802792E-03   -2.0463076144E-02
   -1.3071774071E-02   -1.5432248984E-02   -4.4526988376E-02
   -6.3793598201E-03   -1.8952531152E-02   -2.1468010537E-02
    1.6484475960E-03   -1.0107267970E-02    4.4725620673E-03
   -1.5587592649E-02   -2.9632413270E-02   -1.4112072594E-02
    1.5544494228E-02   -2.3756434196E-02    3.9918430198E-03
   -1.7391564461E-02   -3.8583603778E-02    6.6678721127E-03
    6.5531707331E-03   -1.2135890348E-02    1.3845905707E-02
    2.0939486361E-03   -1.4345275467E-02   -2.8111517352E-03
    6.5431079286E-03    4.7645945244E-03   -1.1400612240E-02
   -3.1467330569E-02   -1.7578934616E-02    2.8039075414E-03
   -5.3832354836E-02   -1.5956905031E-02    5.3901539641E-02
   -4.8829326701E-03   -1.6539289241E-02   -1.3384456354E-02
    2.7006784059E-03    1.1554251801E-03    2.0271053537E-02
    1.1048801634E-03   -8.2931206511E-04    1.6887894811E-02
   -4.6393637105E-03    1.0803688309E-02    1.4890007954E-02
    2.2259518352E-03    2.3607237063E-03   -3.3894102279E-03
   -6.5755009439E-04   -2.5451954441E-02    7.7109652742E-02
   -3.4166400333E-03    2.4912069244E-02   -2.1306995379E-02
    2.8595781224E-03   -8.8409998360E-03   -6.0516900673E-03
    1.0713968470E-02    7.9654521856E-03    1.2298244744E-02
   -1.8282268697E-03    1.8286230468E-02    1.1402587441E-02
    1.2563431454E-02   -2.7261025048E-02    1.8097826488E-02
    1.4391834876E-02   -1.8933131914E-03    2.5770813011E-02
   -3.3432060914E-03    1.4881969697E-03   -1.0726547575E-02
    7.1592003515E-03    4.2488572961E-03    7.4667022319E-03
   -1.6880625623E-03    2.1296552998E-03    1.2449827682E-02
    1.2427368156E-02    7.3885148037E-03   -5.4282719888E-04
    8.6144379174E-03    2.8781579811E-03    1.1519462491E-02
   -2.3434207315E-03   -5.2859314906E-04    1.4168694530E-02
    7.7794765134E-03    1.0671349738E-03    1.0999869133E-02
   -3.5848666932E-03    4.2485908981E-03    4.3580693402E-03
   -7.8868824669E-03    1.6326529177E-03    6.8678984352E-03
    5.0166187558E-03    1.5825437158E-03    1.0149722815E-02
   -5.7444788528E-03   -9.3868705010E-05    1.4966467736E-02
    2.3498864336E-03    2.7474917826E-03    1.1707339160E-02
   -8.6828338734E-04    3.4063475949E-03    8.8823524177E-03
    1.9223492424E-03    6.7367732092E-03    9.9594323088E-03
   -9.2188232289E-03    7.9669264251E-03   -3.4109337074E-03
    1.3575426786E-03   -3.8262593158E-03    2.0491355577E-02
   -2.2378999173E-02   -9.2095108521E-03   -1.3041684339E-03
    3.1225748400E-02    4.8560874828E-03    1.6476514166E-02
    1.0224599566E-01   -4.6045705696E-02   -6.5606739611E-01
    1.3855597342E-02   -1.3737685301E-03   -1.6660302685E-02
   -6.3630714351E-05   -1.1085854355E-01   -5.6764708027E-02
    4.4397617285E-02   -1.7275609039E-02   -1.6105207966E-02
   -6.6189136898E-03    1.3595187910E-03    2.1732051103E-02
   -1.1408136558E-02    3.7805376921E-02   -1.6242943491E-02
   -3.2705373907E-02    7.9057881965E-03    1.5091229250E-02
    2.7578043306E-03    9.6711730414E-03    9.0842826601E-03
    1.7613751971E-03    1.0947769047E-03    8.9049667153E-03
   -6.7689096771E-04    1.0695353314E-03    5.2662609885E-03
    1.1670422339E-01   -3.4897370552E-02    8.6061771133E-02
    5.1410842338E-02   -1.2276405780E-01   -5.5093067861E-02
   -1.6625695413E-01    2.8748468381E-02   -1.4309822193E-01
   -2.0862486258E-01    1.6273268043E-02    1.5400658775E-01
   -5.4520584865E-02    7.8199836902E-02    2.4799672607E-01
   -8.0232431167E-03    1.0229830006E-02    1.4612266162E-02
    4.5907883708E-03    2.3494355696E-02    1.9619761409E-02
   -1.0315913830E-04    3.0646978075E-02    2.0496477581E-02
    7.6130040775E-03    1.6471024672E-02    9.8251332082E-03
    6.7482361275E-03    1.4425721292E-02    1.9004550068E-02
   -1.0562421047E-02    4.6594652084E-02    6.0885740689E-02
    9.7179774577E-03    2.3897435212E-02    1.1601224385E-02
    5.1537385936E-02    3.3300780906E-02   -4.0383126195E-02
    6.7143474706E-02    3.8791677929E-02   -1.1053072983E-01
    6.8056827881E-03    6.8679674768E-03    4.6374290453E-03
    1.6136798591E-02    5.4864423671E-02   -3.2716296924E-02
   -2.7282266714E-02    3.1403774224E-02   -1.6200920490E-02
    5.3416896793E-03    1.6140226094E-02    5.3743318510E-03
   -1.5591686328E-03    1.3365784777E-02    8.7917591834E-03
   -1.5132903374E-01    1.5541472167E-01   -3.7435531343E-03
    3.7660721186E-01   -2.5783937616E-02    2.8978559725E-02
    2.4186597809E-02   -4.9677385138E-02    2.4309265254E-02
   -3.0866263704E-04    3.8551536255E-03    1.6959084689E-03
   -1.9606009442E-03    3.1960514420E-03    1.2812787939E-03
   -3.5023449226E-03   -1.8008810480E-03    1.3237332555E-03
   -4.2267002880E-03   -1.3241709894E-04    2.5152188792E-02
    4.4006932047E-04    2.7380275270E-03   -3.8374961165E-03
   -2.6415021247E-03    2.0259688350E-03    4.9187315119E-03
    2.4947840489E-03   -6.0243661725E-03   -9.5374435870E-03
   -1.6228087009E-02   -2.2059517886E-02   -1.7617874292E-02
    1.2765143427E-02   -2.6531066948E-04   -1.0006725611E-02
   -6.8376084275E-05   -2.0167939373E-04   -4.6603464460E-03
   -1.0066688517E-02   -2.2165403755E-02   -1.2820142955E-04
   -2.0024970503E-03   -4.0663299883E-03    5.4683065486E-03
   -3.6682153792E-03   -3.2048462364E-03    2.0763622830E-03
   -7.4221160570E-03   -4.3950086601E-03   -6.3648323981E-03
    3.8941608512E-03   -8.5035188326E-03    7.2891652528E-03
    4.1270365455E-05   -2.6377070546E-03   -1.7265221628E-02
   -5.7527439796E-02   -3.8548358381E-02   -3.4732865227E-02
   -1.8341546011E-02   -1.8037212096E-02   -1.1775346792E-02
   -6.5398767998E-02    8.2246956989E-02    1.4446233667E-02
    2.0252675679E-02    1.7595357287E-03   -4.0894372046E-02
   -1.7743579582E-02   -2.0809285427E-03    8.4182547332E-03
    2.8081853679E-03   -1.6848863965E-02   -3.2521195304E-03
    4.6408782197E-03   -7.7969305137E-03    2.2731751477E-02
   -1.2632038413E-02    1.3297231036E-03   -2.6584805467E-03
    5.4144770237E-04    1.1340478968E-02   -1.3956146797E-03
    3.7531579471E-03   -4.8052041961E-03   -5.8103353083E-03
   -6.4860971288E-03    5.4565252062E-03    2.4707775486E-03
   -1.5805130320E-03   -2.6631359930E-03   -2.6004544310E-03
    5.0781841184E-03   -7.8641845411E-03    2.1846789330E-04
   -4.2926243126E-03    6.1146902809E-03    6.7225377130E-03
    2.0432589591E-03    1.2688330854E-03    1.9794519540E-03
    2.5517671370E-03    5.7651164656E-04    2.5383321694E-03
   -1.6381182766E-03    8.6005309363E-03    1.7424101589E-03
   -2.5063018438E-03   -9.1853508736E-03   -6.5648232864E-03
    7.2279973831E-03   -1.4951892668E-02    2.1051216373E-02
    1.1013821758E-02   -6.6732355984E-03   -1.0318296666E-02
