   -5.1793614304E-03    1.0471177023E-03    3.3863980488E-03
   -4.1960451813E-04   -7.5320459370E-04    4.5328772222E-03
   -5.5315631868E-03   -3.1165160836E-03    4.6928850060E-03
    2.8139418891E-04   -5.3881841457E-04    8.0294201137E-03
    3.6478687606E-03    5.9761375538E-03    1.0259343163E-02
   -8.0924280970E-03   -6.6170002325E-03    1.9297509108E-03
    7.4241121812E-03   -3.0650090677E-03   -3.0427105220E-04
   -1.1357224891E-03   -1.0534252144E-03   -5.5067083124E-04
   -2.6017220228E-02    2.3219420925E-01   -7.0629192190E-02
   -2.1963825487E-03   -3.1481006887E-03   -3.1109188333E-03
    1.9006649090E-01   -5.3719636482E-02   -9.1086391387E-02
   -6.5330715447E-03   -2.3225766870E-03   -7.0290292902E-04
    2.2788620840E-02   -2.8895248523E-02   -5.7762916097E-03
   -2.5309980801E-02   -3.4402163810E-02    1.5591165339E-02
   -1.5464704504E-03   -1.8284818835E-02   -2.0274509457E-03
    1.2904216831E-02    1.4669043041E-02    1.5886329029E-02
   -5.2097635416E-04    9.2033160379E-03    4.6838024624E-03
   -3.0937794181E-03    3.6674387353E-03   -1.5714067699E-03
   -1.0307269138E-02   -2.2883973602E-02   -3.5886049662E-02
    1.7657827065E-02   -1.9183804697E-02   -3.2066600801E-02
    2.9772245007E-04   -1.6637360559E-02    7.2732226897E-03
   -3.4521919736E-03   -1.9941944108E-03    5.3503083438E-03
   -2.2832844048E-02   -8.0526775848E-02    2.7872043518E-01
   -2.1313759520E-02    6.9098952843E-03    2.8678616373E-03
    4.3485711241E-04   -3.8600265707E-03    4.8292351520E-03
   -2.3448426051E-03   -2.5793992561E-03    4.5217763683E-03
   -3.9156896501E-03   -3.2663819329E-03    4.8606054920E-03
   -5.4172382111E-05   -7.5779663553E-03   -7.8406714820E-03
   -3.7542124957E-03   -3.6446890041E-03    2.6835824531E-02
   -6.6079389957E-03   -1.4089024010E-03    7.5274402070E-03
    5.5446852044E-03   -4.2796860029E-03    3.3246861937E-03
   -6.3750889212E-03   -4.8736399099E-03    4.1560338630E-03
   -1.3960266029E-03   -2.9600679801E-03   -3.0343016097E-03
   -9.1475112165E-03   -8.8312037955E-03    1.1358282646E-03
   -4.6953840967E-03   -2.1818981239E-03    8.1376615527E-03
   -4.1266751155E-03   -7.1005535941E-03    3.5569676963E-03
   -6.8118199543E-04   -2.1994465110E-03   -5.6285797679E-03
   -2.0360586142E-03   -1.8462299679E-03   -5.8663620352E-03
    8.9912666036E-04   -2.3008453761E-03   -4.7402774671E-03
   -5.0022177272E-02    1.1629489762E-02   -3.4830849292E-02
   -6.2572413767E-03   -1.8083982309E-04   -6.9769121107E-03
    3.8452388367E-03   -3.1202787251E-03   -1.5192950168E-03
   -1.7189525350E-03   -1.1626755557E-03    9.2731028642E-04
   -2.6300183505E-03    2.7847660061E-05    3.0761915322E-03
   -2.7660045769E-03   -1.6803022937E-04   -7.0756719101E-04
    8.6964727297E-04   -9.3473864385E-03   -1.1410058339E-02
   -2.7905582530E-03    5.0626092389E-03    7.9367475171E-03
   -7.8274718647E-03   -1.9029465849E-03   -4.6745401475E-03
   -6.8667134561E-03    1.9110239857E-03    1.4844241318E-04
   -1.2611252821E-03    7.3299859197E-03   -8.1156896259E-03
   -1.8740883526E-03    2.2904483252E-03   -9.5567993940E-04
   -5.4332271730E-03    3.7073760033E-03    4.8125606861E-04
    5.1948644497E-03   -1.0731968561E-03    5.6075395489E-03
    1.2041731158E-01    1.0371949921E-01   -6.2052557443E-01
   -1.1770421420E-02    6.3263155952E-04    6.7296308616E-03
   -3.0670057968E-02   -4.8693465512E-02   -2.9547935560E-03
    2.0297159004E-02    5.6085182220E-03    2.4888239223E-02
    7.2141447663E-03   -1.3452433643E-02   -3.6967642092E-03
   -9.7766631559E-02   -5.5339627425E-02    5.4382062037E-02
    8.3413852088E-03   -1.2896819978E-03   -2.6190939856E-04
   -3.5879765808E-03   -1.0360227840E-02   -6.5170918467E-03
   -2.8668861501E-03   -4.2150981631E-03    2.3318764598E-03
   -1.2870737715E-04   -5.0922214514E-03   -1.4447974179E-03
    8.3073797736E-02   -3.5903842540E-02    5.9471116079E-02
    4.2252826606E-02   -9.1985134021E-02   -6.2816136289E-02
    1.1179841090E-01    1.6026260736E-03    1.1071095249E-01
    1.3794859269E-01   -1.7825490529E-02   -8.1821640341E-02
   -1.5075418958E-01   -9.6402532160E-02    8.6964656261E-02
   -1.8134353404E-02    1.2252886605E-02   -1.0049424229E-02
    9.0329285753E-04    5.0013301786E-03    1.4851115554E-02
   -9.4411853067E-04    9.4935159655E-03    1.5928674542E-02
   -6.3299840256E-03    1.1447393617E-02    1.4622033624E-02
    4.7694956636E-02   -7.1304400617E-03    3.4586098327E-02
    3.4431336838E-03    2.6825890975E-02    3.5626252634E-02
   -7.3528931988E-03    3.6256443138E-03    1.6418382161E-02
    3.9322235733E-02    6.3673037285E-02   -1.9814729897E-02
    2.1446366364E-02    5.6334689734E-02    4.1272544355E-03
   -1.2746519724E-02    2.8350096089E-03   -8.2671936822E-03
    1.7906660727E-01    2.5469138505E-01    6.1016606598E-02
    2.1719448291E-02    1.9612579455E-02   -3.6891243476E-02
    8.7729435266E-03    2.1829271199E-02   -1.3811193016E-02
   -2.4393214457E-03   -6.8149884069E-03    5.8606515255E-03
   -1.3821562416E-01    9.9999235438E-02    9.5579846653E-03
   -2.3954483998E-01    7.8841613339E-03   -3.2476895817E-02
    6.7124048878E-02   -4.6596484816E-02    2.2461559731E-02
   -5.5880044028E-03   -3.8463380376E-03   -4.4122203220E-04
   -4.7331029568E-04   -1.8717116556E-03    1.1698712051E-03
   -2.0776832015E-02   -3.0029324825E-02    5.2929697753E-02
   -1.1445481292E-02   -5.5550199882E-03    5.2520472291E-03
    5.1474878355E-03   -1.8929572240E-03    9.6393634922E-04
   -4.3951706886E-03   -5.1239915113E-03   -1.4206912298E-03
    3.8888947885E-03    6.5770211160E-04   -1.4670595899E-04
   -2.5510717023E-02    3.2407618385E-03   -4.2569238828E-04
   -1.0008533177E-02   -5.4655148514E-03    8.8810544393E-03
   -1.4803888262E-02   -8.0567122721E-03    8.5990050192E-03
   -1.8797131492E-02   -1.1764650320E-02    8.9401488863E-03
    5.3281150525E-03   -1.0249505350E-02    2.5208060273E-03
   -5.6069946294E-03   -1.9335125732E-02    1.7988521517E-02
   -1.4106611394E-03    4.5842961547E-03    5.4306801661E-03
    4.0031658727E-03   -1.3915552946E-02    1.4028987213E-02
   -4.6300003906E-03   -5.3169492150E-03   -4.6619293115E-03
   -4.7181010887E-03   -3.3335905527E-02    5.6927955547E-02
    3.8478042644E-03   -4.0536134958E-03   -4.0590080614E-04
   -4.9357095730E-02    3.7330772281E-02    1.3690297342E-02
    1.2314281651E-02    2.9701926897E-02    3.3931770130E-02
   -1.1048071893E-02    5.4693411021E-03   -2.1714180616E-03
    6.6491462532E-03   -6.9877951100E-02   -3.7417489327E-02
    9.7094899519E-03   -1.0422075415E-02   -4.3732569518E-03
    1.8075556186E-03   -1.8850640590E-02    1.6078978625E-04
   -3.7360735091E-04   -4.1046502812E-03   -1.9146856699E-03
   -1.0573900760E-02   -3.6344665093E-03    4.0381967546E-04
   -1.4304536258E-03   -5.4052657721E-03    1.6636557018E-03
   -2.1021588008E-03    6.1271982344E-03   -8.7536593843E-03
   -5.8076041518E-03   -1.8411906830E-03   -6.2601885578E-03
   -1.9903833863E-03   -4.6977646508E-03   -1.8585637152E-04
   -5.4951865878E-03   -3.9345822833E-03    5.6937614331E-03
   -4.7373599909E-03   -4.1108205254E-04    2.1892314073E-03
    2.2473508521E-03   -2.4773457530E-03    1.7591969719E-03
   -1.0085424808E-02    5.3930386465E-03   -8.6086124910E-03
   -1.3404467360E-02   -2.5747198336E-03    4.5472142959E-02
   -1.7485737225E-03   -3.0450784341E-03   -8.5023652210E-04
