    3.2266167559E-04    5.3617846787E-04   -1.3576102481E-03
   -3.7416980192E-04   -1.3188455834E-03    1.5427395887E-03
   -6.8593577906E-04    1.6420870916E-03   -3.5704911487E-04
   -2.4615371756E-03    6.1556916424E-03   -1.0129213348E-02
   -1.6084295223E-05    7.3740385023E-04    1.1593995655E-03
    1.5611709133E-02    1.3939563691E-02   -9.6327629424E-03
    6.9044603039E-03   -2.0248063143E-02    2.0466565319E-02
   -8.4472212174E-05   -2.7206046525E-03    1.2412677681E-03
   -5.0708422537E-03   -2.7086765031E-03    4.8559927353E-04
    4.9470408085E-03   -5.7565374870E-04    6.7383058632E-03
    4.0070763763E-03    2.8918064986E-03    6.1498067582E-02
    3.3492734229E-03   -4.1717268316E-03   -4.6669977346E-04
    2.6165132044E-02   -2.8985763599E-02    1.4097553811E-02
   -1.9277278245E-02   -2.6309857652E-02    1.6962251909E-02
   -3.1821995131E-03   -1.1860203561E-02   -3.2384811102E-03
    2.5062034651E-03   -3.8814435220E-03    1.5488171535E-02
    1.2378565035E-02   -1.5824686938E-02    2.4563675799E-02
    7.8341586595E-03    3.3207507220E-03    5.2196502648E-04
    3.7548378512E-03   -7.1334448125E-03   -1.2406484218E-03
    4.4213547231E-03   -5.5655544719E-03   -1.1365197241E-02
    4.6092731934E-03   -1.2749191650E-02   -1.4921450108E-02
    2.8762478580E-03    1.0376746673E-02    1.3862369549E-02
   -2.5494697702E-02   -7.3747485873E-02    2.2773425828E-01
    2.5447352228E-03   -1.1584485137E-02   -9.5356662824E-03
    6.4386951136E-04    1.7396199336E-03    1.8238206026E-03
    1.1853786286E-03    1.6443283249E-03    1.1141800152E-03
    6.9361077127E-04   -8.7476449561E-04    2.9268479857E-03
    6.6174097305E-05   -9.8631206466E-04    1.8672359011E-03
   -1.0448554770E-03   -2.6178021335E-03    2.0133178504E-02
    2.1271941523E-03   -2.3131037604E-04   -1.2770174692E-02
    3.7312810705E-03   -3.6534298140E-03    4.3235771072E-03
   -1.0655538094E-03   -1.0290604387E-02    1.1987510200E-02
    1.1398391455E-03    5.8339747788E-04   -1.3992872283E-03
   -1.4917029358E-03    2.2289454975E-03    4.9352740345E-03
   -2.2513501272E-03    2.1595417656E-03    4.8224244847E-03
    9.8285248156E-05   -4.1173627084E-03    3.3105053537E-03
    4.9083216729E-03   -6.1560969117E-04   -7.5538116086E-03
    5.5925742170E-03   -6.8129793426E-04   -7.3230528512E-03
    4.2889898161E-03   -4.7108178011E-04   -7.8455030108E-03
    3.3824146311E-03   -2.4028215505E-04   -8.4983372122E-03
    1.3252127901E-02    1.0688246016E-03   -8.5220287458E-03
   -2.9112444880E-02    1.7284652415E-02   -4.0185449086E-02
    5.0355765764E-04    1.5904060255E-03   -1.6398093143E-03
    1.2817237631E-03    1.8414259669E-03   -1.9090255387E-03
    5.1131907452E-04    3.5663163917E-03   -3.8804898144E-03
    2.3121905161E-03    4.7230397438E-03   -1.7748704958E-03
   -2.8896093537E-03    3.5852769870E-05   -4.4860647943E-03
    4.2147709782E-03   -4.3018309897E-04   -4.3913134883E-03
    4.9573534339E-04    8.9135241654E-04   -3.0016025169E-03
    3.2141078851E-03    3.2869591644E-03   -1.7423807335E-03
   -5.9380800789E-04    4.2481430968E-03    6.2183861325E-03
    1.2929678096E-03    3.4324162670E-03   -3.2498457262E-03
    8.8159945104E-03   -1.2088202843E-03    6.2676716746E-03
    1.1855409821E-01    1.0357080937E-01   -6.1406648494E-01
   -1.4142589697E-02    2.9382205352E-03    6.8120177349E-03
   -2.8269633238E-02   -4.8735634625E-02    7.9979878804E-03
    2.2216985209E-02    5.0927205911E-03    1.4338981623E-02
    1.8189357379E-02   -5.5167618804E-03   -7.5813702852E-03
    1.9450729070E-02    9.4066577092E-02    1.0770690814E-01
    1.0029966271E-02   -1.8609785751E-03   -5.8085924798E-03
   -2.6947453800E-02   -9.9352046592E-02   -1.7294661009E-01
   -2.9207145085E-04   -6.6883940474E-04   -3.6610537012E-03
   -6.6039165359E-04    3.5548175331E-03   -6.1941102845E-03
    6.8920560859E-04    2.3876766292E-04   -5.9985291446E-03
    1.5534504732E-03   -2.0562261262E-03   -6.7532940463E-03
   -1.1816127983E-03    2.9366625269E-04   -8.0237843511E-03
   -2.0644706623E-03    3.0741840975E-04   -4.4365425873E-03
   -1.1683538726E-01   -6.8138322610E-02    3.7341635675E-02
    5.2895579028E-02    1.8230840349E-01   -2.2058485742E-01
   -9.6271187072E-05    1.4350685870E-02    1.1513616216E-02
   -1.0780929637E-03    1.5164325512E-02    1.3029278965E-02
   -1.4981409285E-03    1.0405116112E-02    1.1542964835E-02
   -4.0027990831E-03    1.5050325029E-02    1.1178504730E-02
   -3.5581072514E-03    1.9152391723E-02    2.9277432753E-02
    2.5362659614E-02   -2.1059417219E-02    8.8416985502E-02
    3.2279182062E-02    6.3847878780E-02    9.8303122528E-03
    1.1144231052E-02    3.8060498963E-02    2.2762622731E-02
   -7.4695792278E-03    8.1300465615E-03   -1.5196375034E-02
    3.8963774338E-02    4.4699458758E-02   -5.0564089612E-02
    2.5099702299E-02    2.0536666052E-02   -5.8923684035E-02
    1.7922627106E-02    1.3574069542E-02   -1.8187423798E-02
   -3.0469454788E-03   -8.5833787599E-03   -2.1956279585E-02
   -1.5894376735E-04   -2.0517262055E-03   -5.0907124988E-03
   -4.0472854678E-03   -1.1754935636E-02   -6.0113092393E-03
   -3.0937820844E-01   -2.0185421046E-01    4.1585339757E-01
   -1.2071809825E-03    1.3235322498E-03   -2.4598275535E-03
   -6.4458802974E-04    9.5537480675E-04   -1.8869447565E-03
    1.8856606343E-03   -3.1584245144E-04   -3.5166556765E-03
    1.7760098099E-03   -3.2097477085E-03    5.9663561150E-03
    6.9198499817E-03    1.5794164191E-02   -2.4507529334E-02
    8.8776873202E-04    6.5533235909E-04   -3.4305456660E-03
    4.1928512617E-03   -1.2773138537E-03   -5.5087385532E-03
   -5.8887991158E-03    3.3921151390E-05    1.6724926118E-04
    1.9641949715E-02   -1.3518038014E-02    3.4687032874E-02
    7.9870846467E-03   -5.2422259548E-03    5.0365063120E-03
   -2.6566139296E-03   -3.3797900208E-03    3.6373591283E-03
   -3.2412541645E-03    1.1819687908E-03   -3.3034735908E-03
    7.6256374614E-03   -2.0467045592E-02    2.1258540178E-02
   -8.3129811010E-04    7.3701169765E-03    3.5131517975E-03
    1.6864303166E-03   -7.1517607799E-03    1.0280340615E-03
    8.9383892772E-03    4.6811546367E-03    1.1660709839E-02
   -1.0541788750E-02   -2.4397651480E-02    3.1594753256E-02
    7.9780866715E-03   -6.0474792238E-03   -6.5656281266E-03
   -2.8190732983E-02    3.5906303866E-02    3.9625736875E-02
    2.1585820156E-02    2.3525706583E-05    3.2205069029E-02
   -3.4168900927E-03   -2.8818247064E-04    2.9539049319E-05
    4.5835556345E-03    1.4947656828E-03    3.6547538877E-02
    3.5997702728E-03   -4.0741804929E-03   -1.5964091997E-03
    8.9810353854E-03   -7.3041486489E-03   -6.3466724583E-03
    1.0833618638E-03    1.0320608264E-03   -3.8456163809E-03
   -5.4515049496E-05   -9.3436296877E-04   -1.7243953286E-03
    3.3943930046E-03   -5.7315480593E-04    1.5752686805E-04
   -2.3721034990E-03    2.7968230486E-03   -5.2014950435E-03
    1.4767476348E-03    2.1367168362E-03   -3.8075870370E-03
    3.8583568761E-03    6.5210300128E-03   -7.7549383957E-03
    1.5759511362E-03    2.8071110557E-04    2.3670373066E-03
    2.9337473178E-03   -9.1580840231E-04   -2.4444308870E-03
   -1.8398157243E-03   -2.8853222108E-03   -4.3590749894E-03
   -1.8451308949E-03    2.5665249851E-03    1.1318752203E-03
   -4.8275784745E-04    4.2290888660E-04    1.7160729318E-02
    1.0883121193E-04   -1.0261718305E-03   -8.8073056857E-03
