    3.7743885635E-03    5.5630351127E-03    2.7146326902E-03
    1.4929412938E-03   -3.8486761981E-04   -9.1385184893E-04
    4.1481509221E-03    1.5547280729E-03   -2.5111832185E-05
    3.3811815288E-05    7.9039644334E-04    1.2281262932E-03
    1.4435856679E-03    8.1507818238E-04   -1.9920703020E-03
    1.8110334723E-03   -4.8255965056E-04   -1.2428569193E-03
    1.9020644256E-03    2.8278879932E-03   -3.5717632923E-03
   -1.3392112815E-03    6.6609443561E-05    6.6618747001E-04
   -2.4931747039E-03   -9.4688122154E-04    3.9870448211E-03
    1.5716725672E-02    6.9817974452E-04    2.5495003037E-03
    2.6608892785E-03    1.1471181790E-03   -8.7015645906E-04
   -1.2941780458E-03   -1.8443305556E-03    3.0849551219E-03
    1.7532405551E-03    2.1470528601E-03   -1.0211259021E-03
   -1.1240667443E-03    1.3164953728E-03   -2.9369893744E-04
    3.5630073588E-03    1.7384532039E-03    1.0316807832E-03
    3.5250274460E-02   -7.4560095920E-03   -6.9463767532E-03
   -4.0164921773E-03   -1.8275276172E-03    1.0140626396E-03
   -1.2892490789E-02   -8.4473464422E-03    1.3758586263E-02
   -6.4666348122E-03    5.3428200379E-03   -7.7486840400E-04
   -1.8197096489E-02    1.2502099838E-02   -1.6410286999E-03
   -7.7039319040E-03   -8.0721862242E-03    8.4097213576E-03
    1.3601233009E-02    4.6995400632E-03    7.6010553172E-03
   -1.6721570636E-03    1.6867008323E-03   -1.1898397356E-03
   -7.8442183734E-03    9.2355615348E-03    4.8428165827E-03
    1.5259264565E-03    1.9140988997E-03    4.0295542997E-04
    3.1911913128E-03   -6.3657709933E-04   -2.7803381271E-03
    6.3689690142E-03    5.8007566718E-03    9.7225639766E-03
    1.8801954975E-03    2.4655810577E-04   -1.5120211756E-03
    3.7857347814E-03    2.7115484984E-03    1.5678502687E-04
    1.1964761065E-03    1.1662623718E-03    1.3668538336E-03
    1.7893648261E-03    1.9509748940E-03   -2.2522756947E-03
    3.3235532044E-03    1.0833147193E-03   -1.0543932768E-03
    6.6778049771E-03    5.8354432435E-03    2.2541970527E-03
    3.1272920985E-02    1.6477323654E-02    1.2366116575E-02
    2.0948881922E-03    2.0055089999E-03   -2.9234719736E-04
    3.6041917144E-03    5.6262935204E-04    1.0179255352E-02
    2.4688888921E-03   -1.0169558928E-03    8.5057432754E-05
    2.9561161280E-03    6.9505988423E-04   -1.3223705009E-03
    2.8681723628E-03    1.2966193112E-03    2.4834267306E-03
    2.4710457592E-03   -6.2628077755E-04    5.2376772996E-04
    1.8404875873E-03   -6.9794245790E-04    7.8814537249E-04
    1.7751508165E-03   -4.7507220248E-04    8.0816289969E-04
    1.1588365512E-03   -1.7967139018E-04    5.0547289465E-04
    1.3418816889E-03    1.6603735783E-03    2.1570257629E-03
    4.6521414625E-03    1.0302181500E-03    2.9660008934E-03
    2.9520723952E-03    7.7907960097E-03   -8.5393520893E-03
    2.4528667164E-03    1.6306462952E-03   -1.6810373672E-03
    4.0758184302E-03    1.4191596184E-03   -9.7277038407E-04
    1.2943057201E-03   -1.1277162485E-03    1.6063365178E-04
    3.0722831182E-03   -6.8674949885E-05    3.9082285260E-03
   -4.7672932920E-03    1.3115618653E-02   -1.9697495325E-04
    8.1514449859E-03    3.9875720179E-03   -2.0647211332E-03
    4.5760507874E-03    7.9589022389E-04   -7.5135003665E-04
    4.9410243878E-03   -1.4571960732E-03   -7.1982486316E-04
    1.7880122022E-03    1.3851729943E-03   -1.6218366911E-03
    1.2880314747E-03    1.3201578123E-03   -4.0711919926E-04
    2.9778163438E-03   -6.2720151609E-04   -2.2196744835E-03
    3.1752296203E-03    2.3673618370E-03   -2.7893713958E-03
    2.3079203369E-03    2.0592909684E-03   -7.9396855958E-04
    2.9797273079E-03    7.8612608996E-05   -7.2160776306E-04
    1.8977383347E-03   -1.8708741049E-04   -4.6454670721E-04
    2.5522843943E-03   -9.5829002312E-04    3.6904577069E-03
    3.0641767249E-03   -1.0954745493E-05    2.2087286723E-04
    7.4141981633E-04   -2.1659084970E-05   -4.5924958287E-04
    1.7826328008E-03    2.1154687988E-04   -4.7074825404E-04
    4.0956091124E-03    1.4167787833E-03    7.1349469326E-04
    4.6005673521E-03    1.3708264266E-03   -1.2327916205E-03
    7.2684440553E-03    5.1431319852E-03    1.0664318870E-02
    3.5219699196E-03   -1.8322075954E-03    4.1646524221E-03
    1.3065045372E-03    1.6477500545E-04    4.1322829872E-04
    2.4218440385E-03   -4.3316997301E-05    4.2415911777E-04
    3.5340655571E-03   -1.8517819496E-03    7.2052112792E-04
    6.2394587801E-04    1.5357597256E-03    5.6701132085E-04
    2.0995260337E-03    3.7293014161E-03    1.9319858306E-03
    1.2835954192E-03    2.4616270211E-03    1.0698597525E-03
    9.9234902670E-04    9.1062491807E-04   -1.4332319845E-03
    2.6446738130E-03    8.9393870696E-03    7.6060621374E-03
   -8.9321422978E-04    7.5844391700E-03    4.6012614733E-03
   -5.4731514294E-04    8.0862487368E-03    1.1468297143E-02
   -5.6891099909E-04    5.1424376660E-03    6.3312698994E-03
   -1.2510766157E-03    3.0849810005E-03    3.2534443800E-03
   -7.9040686199E-03   -4.5067075870E-03    1.6357036196E-02
   -3.3483912157E-04   -7.2720641444E-03    7.2237036050E-02
   -4.6637178631E-03   -1.7731023360E-02    2.4395754390E-02
    8.7877636845E-04    1.3394479853E-03    1.4353190034E-03
    1.5214447923E-03    1.4492892678E-03   -2.5912344752E-04
    9.7134450797E-04    3.8018679815E-03    3.1886706504E-04
   -9.6683267626E-03   -9.9410591241E-03    1.3498234233E-02
   -2.1385907737E-02   -1.9244100092E-02    1.1157932356E-02
    3.5900008934E-02    1.4235872823E-02    6.7558650389E-03
   -3.8568169960E-04   -1.8785651228E-03    2.2521271406E-02
    1.0527780155E-03   -2.3556460662E-04    2.3605827590E-03
   -4.4313648370E-03    1.7717903448E-03    7.3207254804E-03
   -3.9586928344E-02    2.4783818578E-02    2.5683753319E-02
   -1.7881921248E-01   -1.8848829598E-01    3.3576341751E-01
   -1.0841489531E-02   -1.2404277998E-02    1.4214945512E-02
    7.5803804652E-03    1.1519814012E-02    9.0513339359E-03
    1.4737504969E-03    5.5474687100E-03    1.8451652517E-03
   -1.5241704295E-06    3.7426181185E-03    7.3287554067E-04
   -1.1140129515E-03   -5.8299296284E-03    7.5696148125E-03
    6.9733389970E-04   -6.9492185467E-03    2.5856676658E-02
    4.1804443421E-03   -3.0112078053E-03    1.3312138543E-03
    2.2175900750E-03    5.7987035463E-03    2.8917318459E-03
   -4.9353359668E-05    4.0628275790E-03   -9.0520898156E-05
    7.6158215165E-04    4.5296961426E-03   -6.9246793718E-04
   -6.1364166363E-02   -3.8886852480E-02   -2.9220584438E-02
    3.9531667870E-03    1.3822867756E-03    7.6040498662E-03
    5.2304073193E-03   -2.7219570520E-03   -1.9206562340E-03
    2.0424152148E-03    4.0123914479E-04   -1.0025367970E-03
    2.0200650183E-03   -7.3655363905E-03    6.1468655637E-03
    9.9486050306E-04   -9.4186738320E-03    1.4053979846E-02
    1.0038442997E-03   -6.2530165012E-04    7.5624508320E-04
    1.9745143911E-03   -2.9751105527E-04    1.4103708372E-04
    1.0495977874E-03   -6.6198520655E-04    6.1625641441E-04
    1.2192127085E-02   -2.1332979851E-02   -1.3895320442E-02
    1.6763187070E-03   -5.3129517020E-03    3.6202098704E-03
   -3.2518591392E-03   -7.4172968413E-03    6.6449078409E-03
    2.3660825128E-03    9.3316097974E-04   -1.0204065282E-03
    1.5599716570E-03    1.3604710012E-03   -8.1668834663E-04
    2.3102612812E-03    4.5684105132E-03   -4.6454108780E-03
    1.7066101343E-02   -2.7385807232E-02    2.9107063805E-02
   -1.7747130511E-02   -3.0149116026E-02    3.2179129691E-02
   -3.0513809846E-04   -1.7938815258E-03    3.2349601497E-03
    1.2935423509E-03   -8.3610266818E-04   -1.1734834988E-03
    5.9259372562E-03    3.2720386700E-03   -2.3569251814E-03
    1.1907950753E-02    7.6174147042E-03   -3.8481600794E-03
    1.6593194929E-03   -1.4730802820E-03   -1.2045797106E-03
    2.1966124068E-03    2.5865674489E-03   -1.6935226026E-03
    5.7929183647E-04   -9.2242739225E-04    5.2810930274E-04
    1.9259909341E-03    6.1719801304E-04   -1.1444945924E-03
    1.9814622243E-03    3.7316324932E-05   -1.0210302171E-03
    3.1965548993E-03    2.7136944102E-03   -2.9505257231E-03
    3.4840398050E-03   -4.4453920433E-03    2.1638033840E-03
    2.7753563470E-04   -4.6413140041E-03    2.8158290348E-03
   -9.3612794095E-05   -3.0217406975E-03    2.8917301315E-03
    2.7520768496E-03    1.2459838384E-03    2.8140653296E-04
    8.5141038461E-04    1.9299008324E-03    4.4654626751E-04
    6.9216977640E-04    1.1695660391E-03   -6.0830456950E-04
    1.1911230567E-03   -1.3775026290E-02    1.0269830331E-02
   -3.5463467108E-03   -5.1517355548E-03    1.2742953444E-02
    4.0090719985E-03   -1.1967223996E-04   -3.9171573760E-04
    2.3852598620E-03   -1.0226106184E-03    7.5612039941E-04
    9.9477235691E-04   -1.1740516056E-03    2.2441691551E-04
   -4.0295360584E-04   -2.3417332824E-03    7.4157318290E-04
    2.1451377241E-03    8.7625246480E-04   -1.5551098760E-03
    1.7615381685E-03    6.6161296121E-04   -1.4640529774E-03
    2.5168933962E-03    5.2573564310E-04   -1.2061535582E-03
    2.5313760331E-03    6.9419556041E-04   -1.1589434230E-03
    1.5969386461E-03    9.5806660817E-04   -1.8184874866E-03
    1.1561725505E-03    1.2823351150E-03   -2.2493834382E-03
    1.6157539717E-03    5.8771339926E-04   -1.3069633698E-03
    3.1680531620E-03    1.2937702252E-03   -2.6234429004E-04
    6.2488854565E-03    5.3534533986E-03    1.6775182618E-03
    2.0619105063E-03    6.6706263853E-04   -3.6944906525E-03
    1.8290229440E-03    2.7572020841E-04   -2.3386621778E-03
    1.0578649932E-03   -2.7346843718E-04    1.1839868723E-03
    1.3506447016E-03   -3.5702212430E-04   -2.7290006986E-04
   -8.4932889895E-03   -1.2741824326E-02    4.7672222222E-03
    4.6358772796E-03    3.6751010285E-03   -2.8477240253E-03
   -8.1781069693E-04    5.8534775627E-03   -7.1510017406E-03
    1.5267493984E-03    6.9345567727E-04    2.8720477895E-03
    2.7850878768E-03    8.0538806666E-04   -1.6620802711E-03
    2.4271121110E-03    5.8148700516E-04   -3.3190501216E-04
    1.2929582839E-03    6.5672393531E-04   -1.3771821210E-03
    1.2309819248E-03    4.4724618024E-04   -1.1955601834E-03
   -2.0767653887E-03    2.5235049476E-03   -2.4626356577E-03
    4.5639439354E-03   -1.4859932884E-03   -6.1496806932E-03
    7.8863648257E-04    1.4902870540E-03    9.4409224667E-04
    2.3534267247E-03    3.8070671798E-04   -9.3679025298E-04
    2.9616310174E-03    9.2132823083E-06    2.3000429932E-03
    1.5666437011E-03    7.6451021087E-04   -1.2265962642E-03
    2.9528778968E-03    1.2242809652E-04   -5.8103412312E-04
    2.0517577166E-03    5.6640233663E-04   -1.1286415154E-03
    1.7684616207E-03    4.4182778044E-04   -6.4114103713E-04
    4.9573886540E-03    1.2802914090E-03   -2.0528666812E-03
    8.0365730831E-04    2.2705670947E-03    1.2064055191E-03
    1.8393720033E-03    9.9379714020E-04   -1.9576141051E-03
    2.1889128583E-03    4.3194069823E-04    3.0603473449E-04
    1.4622994140E-03    1.5135937477E-04    1.7893610209E-04
    2.0962365513E-03    6.3004772061E-04   -7.0774276353E-04
    3.0677910825E-03    6.5644144579E-04   -7.1164601041E-04
    2.3910528487E-03    4.5153277774E-04   -6.2257513815E-04
    2.3947838660E-03    6.6914783689E-04   -2.1811539193E-03
    1.8937714838E-03    1.4063324330E-03   -1.9178431392E-04
    1.7113723423E-03    7.9805913194E-04   -3.9845393492E-03
    2.0762446847E-03    9.7359332583E-04   -1.4715559071E-03
    1.3205842573E-03   -5.8551070957E-04   -3.0345334128E-03
    3.3506251336E-03    1.0475646437E-03   -8.6534541976E-04
    3.2472081205E-03    8.2780734284E-04   -6.6776300986E-04
    6.4831484474E-04   -9.0878364177E-04   -3.4174878277E-03
    2.2696119217E-03    4.5438309648E-04   -1.4048770580E-03
    2.6187744958E-03    6.4802341600E-04   -1.1684343956E-03
    3.1740510624E-03    1.8910147721E-04   -4.3030617602E-04
    2.1827332574E-03    9.8596707204E-04   -1.0513852885E-03
    1.9029629470E-03    8.6854913907E-04   -1.1230614250E-03
    2.1386934762E-03    1.0917472571E-03   -1.1269164405E-03
    3.1712969642E-03    3.8368382126E-03   -2.8068536313E-05
    3.1534440756E-03    1.1856128897E-03   -1.7851982885E-03
    1.3846637317E-03    4.0725963172E-03    1.4784392296E-03
    1.7319119074E-03    2.5575889722E-03    7.7866995684E-04
    5.3347913601E-04    2.0366048560E-03    5.4328172795E-05
    9.8611233846E-03    7.7154100003E-03    7.3550325998E-03
   -7.1538347827E-03    8.8623366215E-03    4.0278584461E-03
    2.4135395448E-03    8.4130596434E-04   -1.3546839277E-03
    4.2859321621E-03   -9.2958813003E-03    3.2785458333E-03
    3.8026762213E-03   -1.4408212305E-03    5.9401463165E-03
   -5.1771156663E-03   -1.3651883814E-02    1.4983004694E-02
    5.1817734267E-03   -1.4065403000E-03    1.4044677467E-04
    1.4087831863E-03    1.5110435622E-02    2.7632280833E-02
   -3.7751922687E-03    8.1414925014E-02   -5.8537689023E-01
    1.7589979456E-03   -7.8865537092E-04    9.2097886270E-05
    1.9535215578E-03   -3.0133447807E-05   -2.2315177672E-04
    2.0250588609E-03    3.0163670916E-04   -1.4464411996E-04
   -6.2816265743E-03    1.4750245919E-02    9.9950736588E-03
    9.6858992807E-03   -2.3718478301E-02    1.3643875552E-02
   -3.1794968908E-02    3.6281815070E-02    4.1753706345E-03
   -7.2594608822E-03   -1.0392718240E-02    1.0786946139E-03
    3.2418655294E-03    2.2895273402E-03   -2.2883937217E-03
    3.6012749446E-04    1.1673763255E-03   -3.3281511504E-04
   -2.7772811131E-02    9.9581933227E-03   -1.7409134258E-02
   -1.0513569784E-02    2.8540498218E-02    1.7718148753E-02
   -8.1263613476E-02    1.5160860254E-02   -7.7130583035E-02
   -9.3490969443E-02    1.5591682135E-02    6.0078539259E-02
   -1.9851926313E-02    1.0105860378E-02    4.2902739908E-02
   -1.2003342935E-02    9.0041334039E-04    4.6659054554E-03
    3.8813812904E-03   -8.2656326173E-04    9.2315131605E-04
    3.6175034807E-03   -3.0496403048E-04    7.0726737799E-05
    2.3320033047E-03    8.7535628659E-04   -7.3469933949E-04
    2.1427855456E-03    7.9399567280E-04   -1.5757699118E-03
    2.2931394981E-03    7.3573561117E-04   -1.5114924049E-03
    2.3858793154E-03    7.8571226907E-04   -1.4793606437E-03
    1.8439121023E-03   -7.8670648970E-04    9.9629905304E-04
    3.1281867967E-03   -2.0930692475E-03    8.8335914006E-03
    2.3745817479E-03    1.0545311894E-03   -1.5356383105E-03
    2.2180871354E-03    1.0967195679E-03   -9.6658732221E-04
    2.1812880452E-03    1.1637533519E-03   -8.1215169405E-04
    1.9844848605E-03    7.1299540848E-04   -4.5213321815E-04
    2.1671412559E-03    3.7971788030E-04   -4.7293843026E-03
   -1.1340290952E-03    1.8918209891E-03    3.3894217996E-03
    5.3671499635E-03    4.1881936777E-04    2.0880659612E-03
    3.4798892622E-03    1.4059767141E-03   -2.3814909704E-03
    2.1324955710E-03    6.5860203655E-04   -1.1577098485E-03
    1.9521126510E-03    6.1514528526E-04   -8.2512202468E-04
    1.7641693782E-02    3.1390213595E-03    2.7727454065E-03
   -1.6869202670E-02    3.3200527970E-02    2.1716952155E-02
    1.5802267903E-02    1.2656071777E-02   -1.1610470409E-02
    3.4978008744E-03   -4.7131875702E-05   -2.3333759019E-03
    8.5332231925E-04   -1.0987009663E-04   -2.5458043353E-03
    1.6950298391E-03    4.5588026626E-04   -1.3081684204E-03
    1.6417659087E-03    6.7976809289E-04   -1.3065227393E-03
    1.6596424799E-03    5.3067556035E-04   -9.3179850487E-04
    9.8726145773E-04   -1.4258454414E-04    1.2025835464E-03
    2.1438423067E-03    6.9195328164E-04   -1.8796123685E-03
    2.3383566281E-03    3.1533132284E-04   -2.3524266512E-03
    1.2442125253E-03    5.9967512935E-04   -1.3207004691E-03
    1.6037696186E-03    1.7180942403E-03   -7.0771604506E-04
    2.4016499342E-03    5.5941976285E-04   -1.6125354482E-03
    2.1300127721E-03    1.6398586300E-03   -1.4295143947E-03
   -2.1868420233E-03    8.4665350976E-03    7.9336488998E-03
    2.1034930147E-03    6.4572091192E-04    1.1825269476E-03
   -3.9818372408E-03   -6.7471784627E-04    1.3273447491E-02
    2.8093237333E-03    6.6909121666E-04   -9.3425921263E-04
    3.4383049178E-03    5.1903970071E-03    4.6143350399E-03
    1.6241163657E-03    6.8539958145E-04   -9.1299487293E-04
    2.6780695301E-03   -6.3281008901E-04    1.4894578381E-03
    1.8850381487E-03    6.2819930950E-05    2.6852644926E-04
    8.9076600819E-04   -5.4843311335E-04    6.9137142806E-04
    2.2021664140E-03    2.5434542440E-04    1.6110152439E-03
    1.0552519815E-03    8.2656892968E-04   -1.0507395688E-03
   -2.3475215288E-02    2.7662253831E-02    3.2922768921E-02
    1.2011599016E-03    5.3468691541E-04   -3.9691272287E-04
    2.6672670285E-03    4.0038960826E-04   -1.1091074504E-03
    3.4225381281E-03   -1.3535983560E-03   -1.6215208247E-03
    2.3681437060E-03    2.1465746776E-03    1.4705541631E-03
    2.1374067170E-03    1.3154358939E-03   -1.3368092801E-04
    1.4994632704E-03    1.7223050468E-03    1.3897068379E-04
    1.3619683387E-04    8.7662737105E-04    3.8009965212E-03
   -3.7367019936E-04    1.7567898580E-02    1.2641251678E-02
    3.0682727850E-03   -1.4819407158E-04   -1.3191040426E-03
    2.2840447725E-03    5.9666284009E-04   -6.5201177579E-04
    2.8491630207E-03    1.5974996042E-03   -9.0162734701E-04
    2.5053864544E-03    2.3982768414E-03   -1.1518887362E-03
    6.8761110976E-02    5.4582719397E-02   -1.1397258845E-02
   -2.2090476772E-02    3.8814769304E-02   -1.3098197327E-02
   -6.0548329531E-03   -1.0930838199E-04    1.6860503088E-03
    3.9840474138E-03    4.4124140086E-03   -4.4416245650E-04
    4.1176039411E-02   -3.6116064523E-02   -4.4434669484E-03
    1.7462942425E-01   -2.7802788419E-02    1.3371301300E-02
    7.7079827433E-03   -5.0918047346E-02    6.3309896029E-03
    3.6135702664E-03   -1.7108576237E-03    2.6610354781E-03
    1.2060228544E-03   -4.8640105282E-03    4.2433552195E-03
   -3.3282896583E-04   -2.5773262972E-03    3.3861214600E-03
    1.3958723253E-03    9.4857703962E-04   -7.5575982515E-04
    1.9467492789E-03    8.1651311406E-04   -3.7596949784E-04
    1.9563018717E-03    5.3218521989E-04    8.6036653747E-05
   -1.6444213022E-02    2.8173593792E-02    9.5034292306E-03
   -1.0683425676E-03   -7.0467840082E-03    1.7696103921E-02
    3.8869216905E-03    7.5406998857E-04    6.7170198729E-05
    1.0028945525E-03   -1.4309585200E-05   -1.1751424132E-03
    2.0208111939E-03    1.1841828940E-03   -6.8906192025E-04
   -2.2840502767E-04   -2.0310675565E-03   -1.2790338640E-03
    2.5680537278E-03   -1.0431717214E-03   -1.8131313157E-03
    3.0999057629E-03    7.0733352479E-03    6.3280163608E-03
   -4.0694954738E-01    4.8030595043E-02   -4.8371382383E-03
    2.7546514643E-03    1.5706646820E-03   -9.2972952354E-04
    1.4744642291E-04    1.8109250016E-03   -7.7096932270E-04
    1.9458066372E-03   -4.2045267474E-04   -2.0175971404E-03
    4.5146443245E-03    2.6967783854E-03   -8.7155153895E-04
    3.8212008779E-03    4.1632862741E-03   -3.1172123570E-03
    1.8581815889E-03    5.1876892383E-04   -2.3504777094E-03
    3.8435485781E-02   -1.2666602038E-01   -1.6262728703E-01
    3.9653377090E-03   -3.8924300263E-03   -1.0203283735E-02
   -1.4871505271E-03    6.0070948739E-05   -1.5766415229E-03
    2.0591453933E-03    3.6495052744E-03    3.9595180082E-04
   -1.5403839772E-03    4.4081245709E-03    1.9352822003E-03
   -1.1378405479E-04   -1.5272946640E-03    2.1966116705E-03
   -2.2221918736E-01    2.2125202008E-03   -3.2677479389E-02
    1.4199137140E-02    5.9717102875E-03   -3.5800187850E-03
   -2.9460397019E-03    3.0432141480E-04    3.9292049671E-03
    2.4026654857E-03    2.4912509785E-03   -4.7455704428E-04
    1.7638995831E-03    6.1495868557E-04   -1.2333681912E-03
    2.6988863485E-03    3.5398201661E-04   -3.8504852212E-04
   -1.4579767291E-02    1.1840710285E-02    2.7876722573E-03
   -7.3528370183E-03   -5.7612961038E-03    1.5410770604E-02
   -7.7846013974E-03   -3.5783751361E-03    1.7588265958E-03
    4.2632683010E-03    3.8462168266E-03    1.8105926615E-03
    1.2679706156E-03   -1.0668072943E-04   -9.6045011539E-04
    2.7192229580E-03    3.6774514623E-04   -1.2903381686E-03
    5.2622213214E-03    6.7485004948E-03    7.5059823195E-03
    5.6397589048E-03    5.6107219029E-03    4.7412843953E-03
    2.9301233428E-03    1.8376519571E-03    1.2570706286E-03
    1.3594381282E-03    1.2183561306E-03   -9.5595972864E-04
    1.7334075798E-03    1.7615400695E-04   -1.6804421938E-03
    3.9989078554E-03    7.9296746329E-04    5.0194211598E-03
    7.9983410298E-03    1.3713853054E-05    2.8180234748E-03
    1.4480053739E-02    9.5523589800E-03   -7.2441403081E-04
    1.0284718683E-04    7.4872945723E-04    1.2401342791E-03
    2.8113720201E-03    9.3849038952E-04    2.4961533367E-03
    2.5485683694E-03    3.8763142566E-04   -7.6995912933E-04
    1.4424347815E-03   -7.2572530638E-04    6.9102838892E-04
    1.4623086142E-03   -4.5245051010E-04   -9.2985108299E-05
    2.0133198750E-03   -2.1602572718E-04    9.9332470521E-04
    2.3316539898E-03    1.6405294970E-04   -9.9924942995E-04
   -3.6117339420E-04   -6.6438531080E-03    5.1797786320E-03
    1.3176709874E-03    1.8971770205E-03   -5.2810778036E-03
    5.3300737413E-04   -1.6028396280E-03    5.3974872985E-03
    9.9524980766E-03   -6.9066052747E-03   -9.0826383979E-04
    1.3710986130E-03    8.1270578703E-04    7.6909008257E-04
    2.7215089229E-03   -4.1795050090E-04    2.8200681883E-04
   -1.7138965139E-03   -1.4153137221E-03    6.1662109016E-04
    7.5379155636E-04    4.3532788319E-04    1.2438968255E-03
    1.5151592420E-03    2.8778771837E-03   -3.3895410587E-03
    1.2014126236E-02    8.5849507876E-03   -8.4760826159E-03
    6.6129227377E-03    2.5118039645E-03   -1.1796367850E-03
    3.1123492745E-03    3.7523901628E-04   -1.5137858947E-03
    2.3756095904E-03    6.0710882353E-03    4.3948265958E-03
   -3.7652233507E-03   -2.0599381116E-03    9.3023722913E-04
   -2.7241246565E-02    4.9208468105E-02    9.7474611627E-03
    1.0396449082E-03    2.2263236126E-03   -1.3345059160E-03
    2.8419564037E-03    1.2740778112E-04   -1.1096507889E-03
    1.3898346330E-03    5.2684305373E-04   -8.4357119939E-04
    2.1676335867E-03   -1.3652610779E-03    1.9241800411E-03
    2.3615500575E-03    8.2696518110E-04   -7.1262297709E-04
    3.4545576853E-03    5.8208014991E-03    8.2451194263E-03
    4.3333987976E-03   -2.2933319433E-03    2.0486773929E-04
    1.7917809040E-03   -1.0583256652E-03    1.1049047660E-03
    1.7387869546E-03   -7.5765224411E-04    7.9170971159E-04
    2.5605216062E-03    1.7928164493E-04   -2.9872010721E-04
    3.2664185542E-03    4.1882342974E-04    4.3267335631E-03
    8.2219820267E-03    3.5665467511E-03    2.9285594792E-03
    1.7664081519E-04   -1.2541350311E-03   -2.2197496449E-03
    1.6837264166E-03   -5.9233414913E-05   -5.1221854808E-04
    3.6184683013E-03   -5.5773684056E-04   -3.1631993703E-04
    1.6469833540E-03    3.8930857928E-03    1.5741225668E-03
    7.0722141489E-04    3.0021226079E-03    1.0681706411E-03
   -1.0902573708E-03    1.5502932201E-03    3.0778540199E-03
    1.2780937956E-03    8.0748440215E-03    9.6377389213E-03
    1.8596140265E-03    2.8988507654E-03    3.6858395785E-04
    4.4154178718E-03    6.6779129818E-03    4.1692770309E-03
    5.2677701955E-04    5.1363432304E-03   -2.2303881503E-03
    1.7427750056E-03    1.8980521734E-03   -2.9686090744E-05
    9.4839788515E-04    2.9269591832E-03   -1.3144746105E-03
    1.5979197046E-03    9.9626005777E-03    9.0202921606E-03
    1.3922511532E-03    7.6475765152E-03    1.8844960776E-02
   -1.2165138666E-04    3.4115849886E-04   -2.4666679324E-04
    2.8840479306E-03    3.5576516561E-03    1.0631516026E-02
    1.1364093852E-03    1.1992694180E-03    1.2837346193E-03
   -2.9044254983E-04    2.8568195878E-03    2.0927387065E-03
   -1.4384533409E-02    2.0256607654E-03    2.9418828837E-02
   -1.7703641456E-02   -3.3133844281E-03    9.1522005997E-02
   -1.8145537563E-02   -4.3750689841E-02    4.0947039649E-02
    1.9121524006E-03   -1.9459036793E-04   -3.4418214213E-04
    2.3940352991E-03    8.8354741552E-04   -1.5152931146E-03
    2.5881431210E-03    1.5432692573E-03   -2.6999302027E-04
    1.8305821891E-03   -6.7240584131E-05    6.9686312541E-03
   -1.0159050907E-03    7.4648524021E-03   -7.9187226046E-03
   -4.5433174627E-03   -5.8904778963E-03    2.5398928082E-03
    9.2331027755E-04    1.0480807506E-03    2.6671590136E-04
    1.5581047496E-03    3.6484519115E-03    1.8920663776E-03
    6.4544709806E-04    2.2135803967E-03    7.8243174104E-04
    5.4767146563E-04    2.3544884622E-03   -1.8255786601E-04
    9.4923091173E-03    1.8822546223E-02    2.0117460164E-02
    4.4125291218E-04    5.6847658149E-03    4.1172578353E-03
    4.7314506228E-03    9.8388730117E-03    9.5593449693E-03
    1.5919329375E-03    6.6393324705E-03    2.9541332648E-03
   -1.2891157540E-04    4.2281249151E-03    9.7270016157E-04
    6.9683808811E-03    7.0957508842E-04    1.6868039235E-02
    1.6461757617E-02    9.3156057402E-03    3.8423114947E-02
    3.8653845327E-03    4.1335228289E-03    1.0000156070E-02
    2.3804500821E-03   -6.7963068613E-03    4.5066394737E-03
   -1.5697866205E-03   -4.2138774100E-03    3.4254493527E-03
    2.2962047281E-03    4.4684563518E-04   -2.5562273641E-04
    1.5246266196E-03    7.4079449332E-04    8.9247907219E-05
    1.0106997102E-03    5.1140320679E-05    5.5431353750E-05
    4.1675677880E-03   -2.4892478935E-03    2.5341250141E-03
   -2.3044096143E-03   -1.0747404263E-02    7.3448084284E-03
   -2.7477658583E-03   -1.0465436586E-02    1.9835471909E-02
    2.7625970788E-03   -9.5436898581E-03    1.7163829134E-02
   -4.6378495363E-04   -2.3645945499E-03    2.7593214365E-03
    3.7420891375E-03   -5.5377333257E-03   -1.5566154501E-03
   -5.9757454859E-05   -3.0546652101E-03    9.9060421639E-04
    1.3981794209E-02   -1.1623223336E-02    3.6148208696E-03
    1.1159881853E-03   -6.9086316811E-03    5.8894316670E-03
   -8.9955731192E-03   -1.4627851071E-02    9.9888417685E-03
    2.8752698665E-03    1.0256303356E-03   -1.1844114677E-03
    4.1204408431E-03    6.5994457074E-04   -1.6467456698E-03
    7.9784581047E-03    3.9805502214E-03   -4.7902575013E-03
    1.5281189348E-01   -1.5141377733E-01   -5.1281761768E-03
   -5.7931842426E-02   -5.0572188481E-02    2.6747208981E-02
   -3.9603044325E-03   -7.9960299681E-03   -4.5928854935E-03
    3.0128231056E-03   -2.3053307505E-04   -9.4020666609E-04
    1.7521008537E-03    2.2760879099E-03   -4.4538470501E-03
    2.7537984696E-03    1.9327109236E-03   -2.3356640747E-03
    9.4364542737E-04    6.2712515411E-04   -1.0463508161E-04
    6.0743933401E-04   -7.9540299602E-03    9.3933581989E-03
    1.3085725393E-03   -9.2480504040E-03    1.6875710514E-02
    1.7275013381E-04   -2.3099559695E-03    5.4842295536E-04
    2.3268336195E-03   -2.5464538405E-03    4.8411401353E-04
    4.8516703190E-05   -2.9601174270E-03    9.1266432060E-04
    6.8422215836E-03   -1.3033758504E-02   -6.0782295764E-03
   -1.4326600228E-03   -7.2324595041E-03    4.0895427170E-03
   -1.4025353092E-03   -5.3138849095E-03    4.1181451027E-03
    3.1159306221E-03   -6.8461599857E-04   -4.5781321779E-04
    1.3986114473E-03   -2.6292031939E-04   -2.2415011333E-04
    8.6646637829E-04   -3.7258215031E-04   -1.6434888526E-03
