   -2.3171409685E-03    5.3456953503E-04   -4.4965024904E-04
    1.0359830819E-04   -1.2349383567E-04    3.2233713334E-03
   -3.1177919268E-03   -8.4559825406E-04   -4.5040890767E-05
   -1.0026019762E-03    1.3442290186E-03    2.5930900241E-04
    1.2182374884E-02   -1.6196008524E-03   -6.6102411906E-03
    4.6104509327E-03   -5.1521590394E-04    2.7924580771E-04
   -3.8426120878E-03   -1.8490473103E-03    1.6538675360E-03
   -3.1321126112E-03   -1.8878528090E-03    1.1192661316E-03
   -6.8018960697E-04    5.2361360701E-03    5.3903016231E-04
    2.5261346753E-03    1.9410951020E-03   -4.0122162137E-03
   -4.8947609886E-03   -2.6182942218E-03    9.5679902412E-04
   -5.4368533028E-03    3.5017483833E-03    2.6895854815E-03
   -1.5717672858E-03   -1.9404360692E-04    3.0348538209E-04
    1.4834932608E-03   -3.2485717181E-03   -2.8473836096E-03
    1.4916148039E-03   -1.1770722911E-03   -7.7209965497E-04
    7.2118287372E-03   -3.3269029875E-03    1.4645897747E-03
    3.0786796761E-03   -3.7164243994E-03   -2.4292728626E-04
    7.0826736096E-04    1.1206751422E-02    2.2234205664E-03
   -3.7673572405E-03    7.1648974021E-04    2.6587531163E-03
    2.1480364438E-03    2.0964449937E-04    8.1848300112E-04
    1.1186673740E-01    7.1803347609E-02   -2.1795573896E-01
    1.6505055539E-03    2.7257800069E-03    1.9439830376E-03
   -2.2692927663E-03    8.4929697315E-05    7.4417795988E-04
   -5.0777836759E-03    1.4317390875E-03    3.5592670090E-03
   -5.2296006260E-03   -1.4201013616E-03    2.3901361665E-03
   -1.7419300729E-03   -1.7630797528E-03   -7.3733223685E-04
   -3.4415173476E-03   -1.3419591614E-03   -2.3763672495E-03
    1.6849562408E-04    3.6942587648E-03   -3.0573424550E-03
   -2.4791403107E-03   -8.7367081658E-05    2.5839587282E-03
   -5.7916635156E-04   -3.1109950825E-05   -1.6934940025E-03
   -2.7424099408E-04    1.4265912597E-04   -4.8443926682E-04
   -1.5001324035E-03    2.7953048331E-03   -4.3546072650E-05
   -3.3242757184E-03   -2.1865966336E-05    9.7353332821E-04
    1.7864407187E-04    6.8967148703E-05   -4.5295323243E-03
   -4.8623490258E-03    4.4496761095E-04   -5.1737263504E-04
   -5.9336860987E-03   -6.8616231141E-04    5.5820138055E-03
   -1.1375178306E-03    8.4092659722E-05    7.6213987046E-04
   -1.7535868080E-03    5.4825402617E-04    1.0688032643E-03
   -1.8807867331E-03   -8.9720559210E-04   -2.1757696868E-04
    6.3225151967E-03    7.8035422989E-03    2.7329249711E-04
   -1.0362066844E-03    7.3795304765E-05    6.7449345454E-04
   -2.1612516442E-03   -3.8195566869E-04    5.0735621007E-04
   -1.1158698815E-04    4.7232903347E-04    1.3592939666E-03
   -8.6631179577E-04   -2.4135205260E-03    6.5262264934E-07
    3.0904299801E-03    3.7883015485E-03    1.2834707874E-03
   -1.1045876824E-03   -1.2456434817E-03    1.4556132911E-03
   -1.7705154660E-03    2.2276662570E-04   -2.4942466267E-04
   -2.7499341393E-03   -8.2494356713E-04   -1.5454141398E-05
    2.3561044889E-03   -1.6984761561E-03    1.0983694710E-03
   -3.1905750337E-03   -3.4827410373E-04   -2.4968006754E-03
   -9.6245466414E-04   -3.6485881979E-03    2.5734709213E-03
   -2.4466557878E-03   -1.0916408350E-03   -2.2310782347E-05
   -3.5457521866E-03   -6.7067754978E-04    3.4604704747E-04
   -1.6352681580E-03    6.7558516095E-04    1.0928493336E-03
    9.7757736963E-05    2.3081587459E-03    2.1862828310E-03
   -6.9447638161E-04   -6.0940300017E-04    7.7965848434E-05
   -1.4888761232E-03   -2.3004099055E-03    6.2703263192E-04
   -1.1992215970E-03   -4.3756076780E-04    1.3270298859E-03
   -1.4437651657E-03   -4.2340353553E-04    3.6798855215E-04
   -9.4945528761E-04    1.5917142886E-04    9.4600772357E-04
   -8.9254496775E-04    1.1257720747E-04   -1.9701940233E-05
   -1.2296415488E-03   -3.0956407125E-04    5.6808022849E-04
   -1.1044469443E-03   -1.3936003727E-03   -1.1730385673E-03
   -7.1088921406E-04   -1.0608285929E-04    9.1714884944E-04
   -1.5635643527E-03    7.5023269424E-04    8.1649817502E-04
   -3.2249825183E-03    8.3248801105E-04    9.8361515772E-04
   -1.4297901412E-03    3.5115700841E-03    7.3417002488E-04
   -3.6382870417E-03   -1.2848002033E-03   -2.5661756350E-04
   -2.8892775689E-03   -4.5979141987E-05   -8.2215822715E-04
   -1.4877540636E-03    3.7668482108E-05    1.4950817752E-04
   -2.9142300803E-03   -9.7791669181E-04    4.3580521773E-04
   -1.8003642577E-03   -1.6507712962E-03    2.9948043074E-03
    8.3328437776E-05   -1.3726256122E-03   -3.2752235928E-04
   -1.1031139849E-03   -6.7071980064E-04   -8.2078042680E-04
   -1.7716290142E-03   -1.1625623288E-03   -1.6304908548E-04
    2.9138290148E-02    1.4683376014E-02    8.0912047480E-04
    4.3654103995E-03    2.7166848481E-03   -2.0620330288E-03
    8.9348460401E-03    1.0594223726E-03    2.5356955925E-03
   -4.8821321724E-03    6.3656344373E-03    2.7980097842E-03
    1.1147915652E-03   -1.3125128833E-03    1.0889154020E-02
   -2.9332785687E-03    9.2079319101E-04    3.8993179684E-03
   -2.5392135865E-03    6.5461141158E-03   -1.0336761374E-02
    6.9030713532E-03   -2.5600280181E-03    3.9163716252E-02
   -2.6360703015E-03    6.5940535206E-04    4.4044119543E-03
   -1.7193785330E-03    1.1880084159E-03    1.3574264271E-03
   -8.5347317375E-04   -3.8859662857E-04    2.7922184037E-03
   -1.7149748573E-03    4.5932536069E-04    9.3923507428E-05
    2.0275666218E-02    1.9599936615E-02    5.2086094490E-03
    1.9561813194E-02   -5.1085320514E-04    6.1038167937E-03
    1.2609335380E-02    8.6607600767E-03   -2.3932131893E-03
   -4.0523720501E-04   -1.3521620568E-02   -8.7844526497E-03
   -5.0137463689E-03    7.9222634170E-03    1.3479496123E-02
   -4.6055503823E-03    1.1733987866E-03    5.8377112903E-03
   -4.7063468206E-03    7.6814568175E-03   -3.6305227412E-03
   -3.1936470524E-02   -1.2174189497E-01    2.5768087158E-01
   -1.3637509517E-02    5.7260978710E-03   -8.0563140087E-03
   -2.2810864848E-03   -1.0054355433E-03    9.0810565436E-05
   -2.7560588436E-03   -2.0035695126E-03    3.0573780764E-03
    1.1650822785E-03    1.7602428114E-03    5.6901456212E-04
   -4.0081982104E-03    1.9929376528E-03   -1.8781350412E-03
    1.0810229035E-01    1.0117063275E-01   -1.1182008316E-01
   -1.4014088566E-04    6.4617712064E-04   -2.0500451421E-03
   -1.9531368257E-03    1.5436205908E-03    2.0185731619E-03
   -1.8053601457E-03   -1.6726040020E-03    1.2252718113E-03
    1.1762003946E-05   -2.4803250585E-03    2.4791393537E-03
    2.5806783732E-03    1.3927118655E-03    3.1712844451E-03
   -3.4878471727E-03    1.0451807511E-03    1.5321435920E-03
   -2.7368446060E-03   -2.5922010539E-03    1.4376322625E-03
   -1.5504648444E-03    7.5525346236E-04    8.0050380478E-04
    2.0977624306E-04    1.5962122229E-03    4.3701144059E-03
   -6.0042538382E-04   -2.8029591081E-03   -2.4924675106E-03
   -2.8620153631E-04   -2.4995568564E-04    1.0194670605E-03
   -5.9021509075E-03    7.4708356308E-03   -3.1490569757E-03
    4.8792830864E-03    6.9140476155E-03    5.2273563545E-04
   -3.1631740271E-03    1.2348167611E-03    1.8953725429E-03
   -2.3159592088E-03    4.2991292081E-03   -7.9979354280E-03
    1.4190349851E-01   -4.6274822117E-02   -1.1808913121E-01
   -8.0887743980E-04   -2.9344500921E-04    9.7500644198E-04
   -1.6922994372E-03   -6.0161513996E-04    5.6171447442E-04
   -1.7927710500E-03   -1.5035265539E-03    1.5156999595E-03
    4.8158393705E-04   -5.3793755990E-03    1.3067913992E-02
   -1.1478722244E-02   -7.5692442016E-03    2.1776895366E-03
    3.1603792357E-03    4.9972608480E-03   -2.4610899389E-03
   -1.8496303739E-03    2.0326091919E-03    1.1212943968E-03
   -3.3967181561E-03    2.1709168638E-04   -5.8085906412E-04
   -1.6948324174E-03    9.8453316400E-04   -2.9083129486E-05
   -1.6550720853E-03    1.4143291092E-04    1.4489787541E-03
   -5.0977729904E-03   -2.1734403155E-03   -3.5982741655E-03
    8.7574864306E-04   -2.2983544332E-03   -2.8212750867E-03
   -1.2448992935E-03    2.1623419978E-03    2.5179587952E-03
   -9.2209998319E-04    7.7668674148E-04    1.4539392784E-03
   -1.0479365700E-03    5.9558947538E-05    2.0403086579E-03
    4.9540968706E-03   -3.5289416503E-03    2.8443739180E-03
   -7.0138127545E-02   -1.4804276297E-02    9.2748465762E-02
    3.3290126104E-03    3.0650651821E-03    3.1201591802E-03
    4.1455663619E-04   -4.4920100220E-04   -5.0099027972E-03
   -9.7650150576E-04   -7.0919464685E-04    9.3345396880E-04
   -3.0636351219E-04   -8.8961060387E-04    1.6999358622E-03
    5.0404704718E-04    5.6441697560E-03   -1.6089355675E-04
    9.1689440164E-04   -3.4643234029E-03   -3.5756619721E-04
   -1.9648598553E-03   -2.7186976155E-03   -4.2862020884E-03
    3.9740408933E-03   -5.4358924999E-03    1.3347323460E-03
   -2.2143518480E-03   -2.4623088006E-03   -8.9469763157E-04
   -2.7427276300E-03    2.4616811112E-04   -8.0751966115E-04
   -3.9686348732E-04    3.2941310882E-04    1.4152947139E-03
   -1.4738262651E-03   -5.7451220648E-04    1.1566453491E-04
    1.0237002196E-03    1.5455753435E-04   -7.3957261071E-05
   -1.6761965752E-02   -2.3099532619E-04   -1.4920956830E-03
   -3.1560738564E-03    1.3591432119E-03   -2.1639158198E-03
   -1.1052511280E-03    5.4418160876E-05    3.7423075215E-04
   -1.3690898457E-03   -1.3528205145E-03   -7.6967352967E-04
   -1.5730711320E-03   -6.5850485306E-04   -2.2922364814E-04
   -1.5418684904E-03    4.4172331728E-04    5.2956663311E-04
    1.0016049627E-03   -5.5036003215E-03   -3.5278604405E-03
   -3.1080815403E-03    2.0973780983E-04    6.5485782501E-04
   -1.5764252936E-03   -2.9740631961E-04   -1.7341675521E-03
   -2.8979413060E-03   -2.6817856132E-03    7.5746061833E-04
    5.2051391524E-04   -2.5392125152E-02    4.0596471686E-02
   -1.9218168533E-03   -1.6773799830E-03    2.0918453581E-03
   -9.2137009082E-04   -5.6122192532E-04    2.1459414705E-03
   -2.2278582356E-03   -5.6714174251E-04    9.6709058930E-04
   -1.1014556516E-03   -3.5820524775E-04    4.5094171410E-05
   -6.0723202260E-04   -1.7388536931E-04    4.2047949376E-04
   -8.5080433840E-04   -1.9972059241E-04    3.9564109582E-04
   -1.9248603999E-04    1.2528880182E-04    8.0715281651E-04
   -8.3232215316E-03   -3.7767481605E-04   -8.0419522164E-04
   -4.2452009222E-03    5.6127978811E-04    1.1833124993E-03
   -5.2015459764E-03    1.3106522221E-03    1.8834510373E-03
   -7.2135642649E-05    6.5082021722E-06    9.3147202098E-04
    7.2706196644E-04    3.5395777650E-04    4.8112155302E-04
    4.2392235046E-04   -6.0107869231E-05    1.1603427904E-03
   -2.1713846438E-04    1.2692445189E-04    8.3586075827E-04
    1.1566909400E-04   -7.6719770596E-05    8.3853370591E-04
   -2.4768981920E-04    1.6280210656E-04    2.7619054006E-04
   -1.8313000024E-03    7.8500469679E-04    1.3933139923E-03
   -9.7109311328E-04   -4.3474591935E-04   -4.5335665903E-04
   -1.0766219273E-03   -2.4650224090E-04    1.0383115893E-03
   -1.4139453564E-03   -1.8793551448E-05    6.2513878919E-04
   -1.1629275136E-03   -2.2831320371E-04    4.1021788334E-04
   -2.4540424104E-03    1.0664897814E-03    2.7180278153E-03
   -1.4294672434E-03   -3.2229978105E-04    6.7290326535E-04
   -1.1395483407E-03   -4.3250822777E-05    1.1449268581E-03
   -1.6390205864E-03   -9.8672389697E-04    1.5575939857E-03
   -1.1802356998E-03   -1.7309840604E-04    6.9090787034E-04
   -9.9849688379E-04    1.9486140786E-04    1.5318459656E-03
   -1.3967380156E-03   -1.1915544999E-04    7.4320466351E-04
   -3.7559071354E-03    2.1616774127E-04    8.8580089184E-04
   -3.5022946907E-03   -7.6945652695E-04   -7.5817905423E-04
   -3.7230778860E-04   -9.0378538609E-04   -6.8635722023E-04
   -8.1990198100E-04    4.0164905019E-04    1.1271119982E-03
   -1.6671262418E-03   -2.6404345838E-04    2.4175063591E-04
   -3.7963039177E-04   -1.7805420935E-05    8.6445660021E-04
    1.2625769041E-03    9.3581129201E-05    1.4073962244E-03
    5.1088509031E-05    5.9473381037E-05    1.0160548927E-03
   -3.4569219709E-04    8.5696155280E-05    1.4519472421E-03
   -1.2722633435E-03    4.5165209858E-04    1.1487939319E-04
    1.0733504429E-02    1.5857611419E-03    1.4331352647E-03
   -6.0221005091E-03    1.6818903490E-04    1.6453866170E-03
   -7.6442600640E-04   -3.9239633616E-04   -5.4967600165E-04
   -1.4604864991E-03   -2.3493150450E-04    3.2283591427E-04
   -1.3759302030E-03    9.2808521282E-04    1.6273166543E-03
   -3.3677428179E-03    5.1704112532E-04    1.6360828552E-03
   -2.8580874016E-03   -5.0364770700E-04    3.0069762604E-03
   -4.2669313527E-03    9.4370948418E-05    1.2201716472E-03
   -4.5248714443E-03    4.4349382043E-03   -6.8200725708E-03
   -2.4495552376E-03   -4.0503248423E-03    3.2726019036E-03
   -1.5296417438E-04    3.3406819394E-03    6.1398196204E-04
   -1.4202437134E-03   -1.5188809357E-03   -1.2439547207E-03
    2.2666262750E-03   -3.2976709606E-03   -1.2506372670E-02
   -1.0085944874E-02    9.2007759711E-02   -6.5733581899E-01
    7.0706398462E-05   -5.1218323182E-04    1.0093472670E-03
   -1.2870269630E-03   -6.2982290778E-04    8.1473354868E-04
   -5.8928093336E-04   -6.4810084439E-04    6.2596832025E-04
    9.7816639938E-03    1.2420368262E-03    4.9497816183E-03
   -9.0103641221E-02    4.4171624852E-02   -8.9777004566E-02
   -1.8930819160E-02    4.5105548299E-03   -1.4572504718E-03
    1.2629795734E-02    4.1575531219E-02    6.7221761625E-02
   -2.4155643816E-04    2.5239624938E-03    2.6574957528E-03
   -2.0525490775E-03    1.3688615475E-02    1.1460764551E-02
   -5.5069492863E-03    6.6224277755E-06   -1.2514373385E-03
   -2.9165049420E-03   -1.0921263680E-03    1.0933689530E-03
    2.7030613890E-03   -8.3792466635E-04    3.6933089556E-03
    2.3261320744E-03   -4.7248728220E-04   -2.1090588703E-03
   -9.4938409080E-04   -1.4384950980E-02    1.0391091698E-01
   -8.7781023939E-02   -6.3797393527E-03    5.7107980609E-02
    2.4582045716E-03   -3.3415385233E-04    1.5555544431E-03
    2.4745866559E-03   -1.4220397766E-03    2.1296452662E-03
   -1.3154800727E-03   -9.4732145679E-04    2.8301551102E-03
   -1.9578325951E-03    2.2867647914E-03   -3.5489918303E-03
    1.5594880125E-05    3.7962402058E-04    2.6340538691E-04
    1.5501677612E-04   -3.1026215599E-04    1.5412880455E-03
   -5.8321551515E-04    3.9315227584E-04    3.0596123143E-03
    9.5648506372E-05   -6.8421926714E-04    2.9539145952E-03
   -1.8021185963E-03   -2.1495265779E-04    2.2826102163E-03
   -1.9377032159E-04   -1.4511078974E-03   -1.0214207983E-05
   -1.6685525533E-03   -1.0670074511E-03    1.9698782281E-03
   -1.4120707799E-03   -2.9183063884E-04    7.9324120168E-04
   -1.2086532966E-03    3.2487298909E-04    1.6227362651E-03
   -1.9531003315E-03    8.6684236627E-04   -4.1709575773E-03
   -1.2366045941E-03   -6.5922354954E-04    2.2072440754E-03
   -1.7697182991E-04   -2.8331175559E-04    1.7058954221E-03
   -1.2786932212E-03   -4.2735184126E-04    1.2727629277E-03
   -8.0829184207E-04   -6.6058681950E-04    7.9333950296E-04
   -4.1564321388E-03   -3.7164152127E-04    1.7255798236E-03
   -1.4423633717E-03    4.2917657374E-04    2.5717896196E-03
    3.0522377249E-04    9.5007351590E-04   -9.0154391260E-04
    1.2342436148E-03   -1.5775037590E-04    9.5575957287E-04
    6.8713032634E-05   -1.9135446738E-04    5.3539736159E-04
   -1.6189275536E-02   -2.4676847484E-03   -5.6927340191E-03
    7.9746834991E-04    2.3558234244E-04    1.4234722961E-03
    6.4695262559E-04   -1.5473957827E-02   -8.4532614757E-03
   -4.1244726896E-04    3.3664820444E-03    1.8358071262E-03
   -5.5921680997E-03    1.0794422530E-02    8.4927297485E-03
   -1.7757059425E-03    2.5853271056E-04   -3.5696939035E-04
   -2.6246466207E-03   -1.3211671299E-05    1.4535899137E-03
    6.1039124141E-04    1.9604207082E-03   -2.4322762880E-04
    2.7004979913E-04    5.9005355757E-04    6.9093021116E-04
    3.5948996294E-04   -1.0386501612E-03    2.7351478680E-03
   -1.3555555822E-03    5.4528261816E-03   -1.0820086820E-03
    5.0255232493E-03   -6.9878766568E-03   -1.2194702793E-02
   -1.6311671461E-02   -3.2886764818E-03   -1.6317361238E-03
   -1.1510035826E-03   -9.3482269129E-04    7.3266836692E-04
   -8.2843193141E-04    5.8370339075E-03    4.4034759645E-03
    6.9495660539E-05   -9.9540703345E-04    6.9569503961E-04
   -4.5222094992E-04   -5.7725078540E-04    2.8911444673E-04
   -3.1182485976E-04   -3.4910486691E-04    4.6962439555E-04
    1.0113509944E-04    5.7599844773E-05    6.1240739816E-04
   -2.5568321547E-03   -3.4390417287E-04    2.5500976462E-03
    3.6068789976E-04   -1.0820215662E-03    6.6219310801E-04
   -2.6729507946E-03   -1.0192653030E-02    7.6125977420E-03
   -4.3821718269E-04    8.9019452946E-04   -1.2991179082E-04
    2.6863306846E-04    1.3867645479E-03    9.5051241174E-05
    8.8454090540E-04   -6.5801002554E-04    1.1731824825E-03
   -1.6280766344E-04    5.0726034969E-03    3.5556430377E-03
   -1.3503074581E-03    2.5326649925E-03    1.1400516196E-03
   -1.8904892898E-03    2.8049443741E-03    1.9217145470E-03
   -1.6017200065E-03    4.3196288028E-03    3.1893664971E-03
   -1.3882996566E-02    2.0122621246E-02    1.0997179488E-02
   -5.0429592805E-03    2.7562359240E-03    3.2303690046E-03
    7.4704740674E-04   -8.1547620093E-04    1.9161742151E-03
    5.1761696937E-04    2.7540390330E-03   -2.2027743824E-04
    1.0187467773E-03    1.5977606968E-03   -2.2022356780E-06
    3.6119162930E-01   -2.7377417632E-01    1.3519433967E-01
   -1.5664413113E-02    4.2705803791E-02   -4.7750771610E-03
   -2.9927288820E-03   -9.9018029344E-04    5.2734112283E-03
   -8.4125203404E-03   -2.6601998969E-02   -2.0198661178E-02
   -9.9671302109E-03   -1.0502251761E-02    1.3037603370E-02
   -3.6303020467E-03    2.2981536703E-04   -8.0677627721E-04
    4.6276786868E-02    1.2954547930E-02   -1.2334374571E-01
    1.1752123830E-03   -2.0714790750E-03    1.0938669565E-03
   -2.3235057478E-03   -5.9026532802E-03   -8.6958811748E-03
   -1.6673629295E-03   -1.3670329285E-03   -1.5748856241E-03
   -3.2572737374E-03    8.2304739846E-03    3.6126387053E-03
   -3.2775211811E-04    1.6725013652E-03    1.0208082700E-03
    1.8360420042E-04    1.1143580538E-03    1.9381657717E-05
   -2.6570186227E-02   -3.5325386564E-03    1.4565658944E-02
    6.0685701140E-03    2.0818300115E-03    8.3350068169E-03
   -1.3026000009E-03    1.5516456709E-04    2.8462827464E-03
   -5.0946645543E-04    1.2027411571E-03   -1.4130478291E-04
    1.0210345085E-02   -3.8243981004E-03    1.9856567907E-02
   -1.0757189826E-03    1.6048981146E-04    6.4637885706E-04
   -5.7519455297E-04   -1.1187188333E-04   -5.4322796421E-04
   -2.3379484928E-03   -1.8976591268E-03   -4.2419468396E-04
    1.1589760233E-02   -1.7448171692E-02    3.6609976567E-02
    1.4457337758E-03   -3.1796114134E-03    1.6551627653E-03
   -1.2303509612E-03   -1.2461436550E-03    3.1487533777E-06
   -6.1599309471E-03    2.4811228247E-03    8.0352137164E-04
   -3.1622144801E-03   -2.7269283710E-03   -2.5106171038E-03
   -9.6923424736E-04   -1.1903798300E-03    3.4471824176E-03
   -1.5813096169E-03    1.8882889703E-03    2.8685124820E-03
   -3.1625601370E-03    7.9185554068E-04    1.1759814952E-02
    1.7374273103E-04    4.2189919719E-03   -8.2834863160E-03
   -3.0994836852E-03    1.5448185958E-03    2.0621474649E-04
   -4.6927061375E-04   -7.7313423200E-04    4.2375413982E-03
    2.3722927733E-03   -4.0828849994E-04    4.2918517066E-03
   -5.0808656555E-03    5.7403894930E-03    8.8267344308E-03
    1.1346694288E-02    5.2633173464E-03    5.2679677061E-04
    2.6544771035E-03   -1.2068853030E-03    2.1627500478E-03
   -6.2436579346E-03    2.5988255745E-03    3.2520429731E-03
   -5.9323060467E-04   -4.3935671012E-04    1.7800527909E-04
   -5.4630940606E-04    1.4739830371E-03   -3.4217310180E-05
   -1.9910270934E-03   -7.5676205041E-04    1.1728944991E-03
    7.1467065942E-03   -7.2109188625E-03    2.3751248730E-03
   -2.8311745864E-02   -7.2685004491E-03    3.6346654267E-03
   -1.6610708078E-02   -4.3564817896E-04   -2.4517136503E-03
   -8.7579836185E-05   -1.8821454716E-03    8.4928396507E-05
   -7.7191103517E-04   -1.4543850407E-03    1.0930782645E-03
   -3.5320078358E-04    3.4733458672E-04    1.6096312102E-03
   -2.0219599640E-03   -3.1567922714E-04    7.7551804422E-03
   -7.6256224878E-03    9.2558423258E-04   -9.3944580532E-03
   -4.8089444705E-04    2.4147402525E-03    1.2173608869E-03
   -4.5815575460E-03    6.7711366484E-04   -2.0324713540E-03
    6.0048333313E-06    1.3871136757E-03    1.3705810357E-03
   -6.5500060826E-04    1.3620807190E-03    5.8325445198E-04
   -2.2318896335E-04   -1.2810335038E-03   -7.0588516667E-03
    1.2536802878E-03    2.5673745872E-03   -1.5259345265E-03
   -3.4727537831E-03   -9.4910628005E-04    4.7486377055E-03
   -4.1403280354E-04    6.5821944471E-04    9.8862343832E-04
   -1.8862963687E-03   -2.0183800343E-04    9.5501858210E-04
   -1.2921919173E-03   -8.0545486395E-04    8.7763766007E-04
   -7.4454202235E-04   -6.3740241549E-04    1.0687412410E-03
    1.7060549187E-03   -9.1834997976E-04    1.0274987560E-03
   -1.5913890597E-03   -3.4659752634E-04    1.4209977854E-03
   -3.6866405735E-03    1.0046267452E-03   -6.6249896727E-05
   -3.3170375116E-04    1.8793571956E-03   -1.0127715517E-03
   -4.6336728550E-03   -2.6946089147E-03   -3.8184445638E-04
    5.7957285219E-03    8.2279911348E-03    2.2402784411E-03
   -3.5903449622E-03    2.9513568963E-04    4.1115168198E-04
    1.0636944357E-03    1.2663029889E-03    1.2568706679E-03
   -1.3144023618E-03   -1.3339344532E-03    3.3197226049E-03
   -2.2584154347E-03   -7.4796439868E-04    1.1289401510E-03
    2.1600548680E-03    1.9772946439E-03   -9.8261102450E-04
   -2.8188822251E-03   -1.6650535841E-03    2.1379952099E-03
   -1.3573629374E-03   -9.5281157513E-04    9.1065653846E-04
   -1.4481895047E-03   -1.1669762066E-03    6.6395160453E-04
   -1.1622046212E-03    2.6648929785E-04    1.0616750339E-03
   -3.3100950430E-03   -1.2725315936E-03    1.3788909054E-03
   -3.5589124652E-03   -1.5585776725E-03    2.2317139430E-03
   -1.2227316927E-03   -8.1966917343E-04    6.7679106434E-05
    4.8327725496E-04   -8.1481909541E-04   -1.1341978262E-03
   -6.6400265768E-04   -5.6270481160E-04   -2.2849184170E-04
    3.0494989414E-04   -7.2030806709E-04    7.2573597181E-05
   -3.5806209966E-03   -1.0228845477E-03    4.4056785727E-03
   -7.1300617636E-03   -3.7338397011E-03   -2.4320524091E-03
   -5.5439430549E-04    8.6758742204E-03   -3.0768131585E-03
   -1.0883332684E-03    1.6182191436E-04    4.8226542827E-04
   -8.2455378181E-04    7.9653033658E-04    4.6902846396E-04
   -6.0298555262E-04    1.5597441688E-03    1.5397659082E-03
   -3.4055321833E-03   -1.5310074523E-04   -5.3274696150E-04
   -7.0143067720E-04    4.8985577982E-03    4.0761988568E-03
    1.3458535421E-03    1.6547359093E-03    1.1260373389E-03
   -3.2037973533E-04   -6.0933013825E-05    1.2107007214E-03
   -9.2160221518E-04   -7.9779406624E-04    1.6005365158E-04
   -1.1925687575E-03   -3.7912521241E-04    1.6037131519E-03
   -9.8868688037E-04    1.4173070368E-03    3.1660237255E-03
    2.8112019988E-03   -3.0664768207E-05    1.4607128866E-03
   -1.4390042692E-03   -1.2520003897E-02    2.5756168823E-02
    1.9595108918E-02   -1.0152310207E-02   -8.2693356108E-04
   -1.0958866038E-03   -2.9386100476E-04    1.9142112923E-03
   -1.2861432683E-03   -1.2520709209E-03   -9.1592803294E-04
   -1.8892419675E-03   -5.3245477395E-04   -9.0401784546E-04
   -1.7587083389E-03   -1.7103524366E-03   -1.4799743081E-03
   -1.8953668111E-03    3.4956257112E-03    2.2690101910E-03
    5.3066051510E-04    7.9987638050E-03    4.2944944272E-03
   -2.3530323301E-03    1.5104244931E-03   -2.9315074746E-04
   -3.4091159539E-03   -4.5224499585E-04   -5.9130499915E-03
   -2.8275940783E-03   -5.5425853606E-03   -8.8306235133E-04
   -1.2092508368E-03    6.3215094567E-05    7.2483407408E-04
   -3.8725203589E-03    1.1989292263E-02   -7.2489106294E-03
    2.1113460403E-02    2.2828477443E-02    5.6122663006E-02
    1.3266310850E-02    2.4175429985E-03    1.0842628887E-02
   -5.5182171315E-04   -1.7904435583E-03    2.7344702544E-04
   -9.2990021685E-04   -2.6048396991E-03    1.1569613864E-03
   -1.4646207012E-03   -1.1888396879E-03    5.7704786757E-07
   -2.4674038667E-02    1.6149904950E-02    2.6399298484E-03
   -9.6851900721E-05    6.5380781105E-03   -2.1180751813E-03
    3.8343834534E-03    5.8991042955E-03    5.3624274138E-03
   -1.7709620722E-03    5.1644503787E-04    1.4662187241E-04
   -3.5690774031E-03   -7.6560156830E-04    1.1521948918E-03
   -1.4002613084E-03   -8.6652045043E-04   -3.8362398454E-04
   -4.4743442800E-03    1.3659382934E-02   -1.1258852049E-02
   -2.3570006587E-04    4.1012315122E-03    1.5136965333E-04
   -6.6524444981E-05   -3.2053203579E-03    1.5089060980E-03
   -3.3889194289E-03    1.7487667560E-03    2.7780591893E-03
   -1.6089403341E-03    2.2365617123E-04    3.9679902873E-03
   -9.5263680466E-04    2.5610899597E-04   -2.3760155448E-03
   -9.0087153302E-04   -3.9015819603E-03   -5.9952698599E-04
   -3.8674590309E-03   -1.4221891377E-03    1.8457682954E-02
   -2.7682731368E-03    4.5805209644E-03    8.3542785635E-03
    9.2523540084E-03   -8.4187194476E-03   -2.7161623930E-02
   -1.8136944920E-03    5.3747517695E-04   -4.6493996058E-04
   -2.8305826685E-03   -1.3771379533E-02    2.8117585140E-02
   -6.5178266614E-05   -3.8735741643E-03    8.2063032545E-04
   -4.4542211769E-03   -1.3565779527E-03    7.0172663731E-05
   -1.6466877522E-03   -4.1809484578E-04    8.8312784366E-04
   -1.9365669344E-03    2.3869744640E-03    5.8010271027E-03
    6.2373701960E-04    8.4962663379E-05    1.1371002686E-02
   -2.4089512612E-03    3.0787735630E-03    6.4169362182E-03
   -3.8279483750E-03   -4.2430366299E-03    4.5177278361E-03
   -3.9526379782E-03    2.9591781038E-04    3.5019769996E-03
    3.9133734236E-03   -2.4637216718E-03    4.1503466955E-03
    6.2529232991E-04   -8.5971403536E-04    2.2710368134E-03
    1.8765023385E-04   -5.6136395043E-03   -8.1772556050E-05
   -4.4400949991E-03   -1.5572989703E-02    1.1974697578E-02
   -4.0695008414E-03   -5.1586193196E-05    2.0675479229E-03
   -1.2703761917E-03   -3.0669567015E-04    1.9714450436E-03
   -2.4980208380E-03   -1.4768304418E-03    1.9945044754E-03
   -2.6072258186E-03    1.0279609480E-02    4.0947223159E-03
   -1.9030130966E-02    5.9638519330E-03    2.0242159860E-03
   -7.3440342096E-03    2.9569242195E-03   -4.1247599830E-03
   -1.1083099488E-03   -7.5521655215E-04   -8.7339676777E-05
   -2.4138024692E-03   -2.2520408717E-03   -1.1701736119E-03
   -3.9522280914E-03    3.1996592505E-04    1.0974528202E-02
    3.7512501190E-03   -2.7445642556E-03   -1.7454331829E-03
   -3.3203921575E-03   -3.1214017600E-04    3.1176479241E-03
   -1.0190032900E-02   -6.1429068872E-03   -1.2279997366E-04
   -8.8244515378E-04   -1.1186444499E-03   -7.7213849803E-04
    1.8575757317E-02   -3.5111451067E-03   -1.3969524206E-02
    2.3631875549E-02    1.5664460179E-02   -1.3803700225E-02
   -3.7455056985E-03    1.7038605364E-03    4.7017677376E-03
    6.3731332381E-03    1.7327148608E-02   -3.2623269265E-02
   -2.1550132486E-04    8.8387669957E-04    6.6405783873E-03
   -4.9035365533E-03   -2.7265656818E-04   -4.4629180552E-03
   -2.9736118649E-03    2.8423208386E-03    1.5641936761E-04
   -8.0960019866E-04    2.3154645876E-03   -3.0229696853E-04
