   -2.0291010932E-03    2.6432256959E-03    5.7315556110E-04
   -1.9605917282E-03    1.6944039815E-03    5.6608428346E-04
   -1.8985011441E-03    1.6491428016E-03    1.9489928821E-04
   -1.9475377028E-03    2.1113419952E-03    2.5900496458E-04
    5.1587170365E-02   -4.7354908241E-02    1.1061846901E-01
   -2.1394525959E-03    2.7567701692E-03    2.6949310625E-03
    1.5189703925E-03    4.1446851121E-03    1.0759296958E-03
   -1.9611528386E-03    4.2235136961E-03    3.0286441764E-04
   -2.5628195889E-03    2.2292423582E-03    2.9078885781E-05
    2.3032212918E-03    4.2066132958E-03    3.3255299156E-03
   -2.1809228932E-02    9.8340112937E-02    1.2172996348E-01
   -5.3046898803E-03    1.1386309047E-02   -4.1251321517E-03
   -2.3970473955E-03    5.3859607707E-04   -4.8788577320E-05
    2.1955227947E-04    7.1894402911E-03    1.0279878665E-02
   -1.9116209495E-03    3.3714941277E-03    1.6454656209E-03
   -1.2785328550E-02    1.1106331085E-02    1.1690914545E-02
   -5.3301813208E-02    4.8542666764E-02    1.4502215694E-03
   -1.3080087872E-02    1.6867299835E-02    1.4593764268E-04
    3.9848030439E-03    5.9662710885E-03    1.0323134808E-02
   -2.5763970244E-04   -4.6920761281E-04    2.6762526360E-04
   -1.1935231047E-03    2.0848277790E-03    7.4262556877E-03
   -1.4169085335E-02    8.7134436424E-03    8.4407780336E-03
    3.1485639265E-02   -3.3068414278E-02    2.5628695048E-01
   -1.0130871174E-02    8.0151052182E-03    7.4320972287E-03
   -9.1596175673E-04    4.2456408350E-03    1.6597093744E-03
   -1.8086768201E-03    4.0393600206E-03    5.9146463492E-04
   -2.2376228236E-03    4.4257794075E-03    9.4444322682E-04
   -1.6214210693E-03    1.8129763697E-03    2.0346308171E-03
   -1.9946848846E-03   -1.6485638820E-03    1.8303332255E-02
   -1.9733931089E-03    2.2833572222E-03    3.3665039273E-03
   -1.8409897283E-03    1.5913921956E-03   -6.1248396584E-04
   -8.3906546876E-04   -6.3420288147E-04    7.6886486969E-03
   -1.8900838778E-03    3.6526955296E-03    4.9646041086E-04
    6.8132325730E-05    8.1500383734E-03    7.1531898353E-03
   -2.3876064921E-03    7.3801774034E-03    5.6085217180E-03
   -1.9667829866E-03    3.8530989083E-03    5.5616819243E-04
   -2.1097288606E-03    1.2052414610E-03    4.0734425192E-04
   -1.2177493285E-03   -5.8285484009E-04    3.5359685076E-03
   -2.8112603341E-03   -4.4961994559E-04    3.8133357238E-03
   -2.0220245120E-03   -2.8696883781E-05    1.0787999315E-03
   -2.0422475155E-03    7.0820234798E-04    3.3878494099E-04
   -1.8943124558E-03    6.7215511521E-04    6.8619076175E-04
   -2.2318359176E-03   -4.7721636327E-03    5.7710608575E-03
   -6.8973601424E-04   -5.4243318385E-03   -3.5246684792E-03
   -4.7242490477E-03   -5.7420919879E-03    5.8797665820E-03
   -3.3821994400E-03    1.5439192997E-03   -2.2037324530E-04
    3.8458361131E-03    5.2432489657E-03    2.3151050357E-03
    1.3991734232E-03    1.9386359292E-03    3.0159625879E-03
   -2.4895115982E-02    1.5669136905E-02   -4.7510221564E-03
   -1.4554441583E-02   -9.1297965865E-03    1.9285675611E-02
   -1.0488079619E-02    2.6808831266E-03    5.7469184891E-03
   -7.7930419189E-03    5.6309125227E-03   -8.5297173526E-04
    4.3055767746E-03    4.3754040889E-03   -1.0802683119E-03
   -2.4016930791E-03   -1.7989989050E-03    1.2159098285E-03
   -1.1795941721E-03   -3.5461990628E-03    1.8135433722E-03
    5.3061343623E-02   -1.3586503581E-01    1.5920105999E-01
   -9.5654079394E-03   -6.9079704839E-03    1.7912683930E-03
   -1.8816381691E-03    9.9262172335E-04   -6.1860052082E-04
   -1.5388832228E-03    3.7878972076E-04   -7.0383715163E-04
   -1.1764996006E-03    7.7698294883E-04   -1.4191636478E-03
   -9.2966086539E-04   -7.9782481319E-04    1.8737860930E-03
   -1.3366586099E-03   -3.5410995638E-04    3.5946553108E-04
   -2.6379627002E-03   -8.7193365056E-04    2.5036985965E-03
   -2.1203982994E-03    1.0425713804E-03    7.2721125433E-04
   -1.8757104939E-03    7.1367244524E-04   -3.6452266748E-04
   -1.2502416334E-03    8.0932334518E-04    1.3649515279E-04
    1.4536420860E-03   -6.5022630125E-03    7.4599845487E-03
   -4.2245255972E-03   -6.1484572053E-03    9.7314143959E-03
   -2.2515457597E-03   -4.9113533424E-04    2.6234094872E-03
   -2.0648458817E-03    5.4721879240E-04   -4.3458416191E-05
   -1.6789947257E-03   -1.0662969695E-03    1.0255519068E-03
   -2.4110443633E-03   -2.3920503856E-03    3.1236608327E-03
   -1.1088650789E-02    3.2951439893E-03   -4.5222914924E-03
   -9.8234379841E-03    3.0448521656E-03   -3.8376356416E-03
   -2.2741420389E-02    5.3837107394E-03   -1.0258555634E-02
   -1.4787065154E-02    3.8865255211E-03   -6.5827841258E-03
   -1.6004055242E-02    3.6285229670E-03   -2.6300844378E-03
   -1.3361900139E-02    3.6623703774E-03   -5.3538889055E-03
   -1.7174160106E-03    2.1940602409E-03    5.5587177984E-04
   -1.8826822829E-03    2.2348359779E-03   -7.3444324257E-04
   -1.6794155369E-03    2.8893543217E-03    1.1932910090E-03
    1.5115887927E-04    2.7939827252E-03    2.5868468711E-03
   -3.7728213103E-03    3.3408189942E-03    2.7411379669E-03
   -1.7382629954E-03    1.9032625234E-03    2.7460186895E-04
   -3.3922076805E-03    3.1079139996E-03   -3.9960229519E-03
   -9.3502677259E-04   -1.9831650282E-04    3.7865661074E-03
   -3.4827744860E-04    9.4563079041E-04    4.1276885736E-03
   -2.0384214147E-03    1.6566149713E-03   -6.1762975534E-04
   -8.4399610913E-03    1.1068716309E-03   -1.9031337295E-03
   -4.9368891832E-03    9.0196336129E-02   -6.3139924388E-01
    8.6548596922E-03    2.8403261680E-03    6.5896752382E-03
    1.0878429723E-02    3.4659614115E-03    7.9422240949E-03
    7.8141157495E-03    2.6631035247E-03    5.1031734275E-03
    5.3358318796E-03    1.4596169058E-02    1.5029719186E-02
    1.8626001181E-03   -1.5599377248E-02    1.1041711079E-02
   -3.3308975335E-02    2.1980210974E-02    1.5703714947E-03
   -5.8555507664E-03   -4.1790575637E-03   -7.6567692487E-03
   -7.0603841363E-04    3.4388320263E-03   -2.8628199431E-04
   -2.4123080705E-03    5.1524595960E-03    3.3933342320E-03
   -2.4683670247E-03    1.7703742048E-03    6.2520372256E-04
   -1.8229380890E-03    2.3189119961E-03    9.4499471646E-04
    1.2943716026E-02   -8.4350726571E-04    1.3338145357E-02
    1.5448906858E-02   -1.1958671061E-03   -1.0997019751E-02
    7.8709141182E-03   -3.8760798973E-02    1.6426037358E-01
    3.6428622651E-02    1.3406400764E-02   -2.2515407150E-02
   -2.0474591726E-02    4.6043734773E-03   -9.4187760581E-03
   -1.9902413591E-02    4.7228004402E-03   -9.0823041356E-03
   -1.7943887898E-02    4.5114608343E-03   -7.6450656559E-03
   -1.8883794462E-02    4.8250388507E-03   -8.6680289637E-03
   -1.2857938839E-02    3.6110582482E-03   -5.4962281229E-03
   -1.4121346710E-02    3.6588119561E-03   -5.8140493187E-03
   -1.7402273725E-03    7.9012322890E-04    2.7177678942E-03
   -1.7987030103E-03    6.8041010657E-04    2.3706987382E-03
   -1.7682718652E-03    1.6941531139E-03   -3.8337486282E-04
   -1.6734702997E-03    1.4697497354E-03    4.2065389980E-04
   -1.7253174669E-03    1.8246380867E-03    4.2191975410E-04
   -1.6978034826E-03    1.5643148079E-03    5.9497861183E-04
   -1.8577493793E-03    2.2105390868E-03   -9.4009119668E-04
   -1.9686919607E-03    1.8156031000E-03    3.4267574384E-03
   -5.1174466279E-05    2.2692283940E-03    4.2472075390E-03
   -7.7741876721E-03    7.9745300336E-02   -1.0905044011E-01
   -1.8744073189E-03    1.5130985678E-03    9.2645821446E-05
   -1.6373227021E-03    1.9269122182E-03   -1.9588880458E-04
    8.6015100518E-02    1.5794823393E-02    4.0458939910E-02
    1.0319381568E-01    4.1426668084E-02    7.4237554909E-02
   -1.7316000557E-02    9.4411990308E-03   -1.7994962345E-02
    1.0782050351E-02    2.9551237887E-03    5.2356031397E-03
    2.0894495243E-02    7.0622443119E-03    1.3129035563E-02
    2.4183218882E-02    4.7252011891E-03    1.2543596008E-02
    7.8139827069E-03   -1.1086822544E-03    7.8378875908E-03
    6.4154603054E-03   -9.7206901512E-04    6.2356369591E-03
    1.8414470007E-02   -2.2036033737E-03    1.5760965121E-02
    1.1488494724E-02   -3.2273895174E-03    1.0557391118E-02
    1.4302806231E-02    7.4412206075E-05    2.2674057233E-02
    1.0147923308E-02   -2.8142721738E-03    9.0707866428E-03
   -1.5547051554E-02   -3.5412055752E-03   -9.8146704764E-03
   -1.2788234097E-02   -1.6276361138E-03   -1.0146698338E-02
   -1.2960487991E-02   -1.1982368377E-03   -7.8578647116E-03
    4.8730023332E-02    5.4645545674E-02   -1.0164182812E-02
   -5.9621947240E-03    3.2242526182E-02   -7.9227949063E-04
   -2.1935520593E-02    2.3988547475E-05   -4.8882799308E-03
   -5.0375828803E-03   -1.1478058024E-03   -4.1279259215E-03
   -1.2568099457E-03    1.5120522079E-03    2.1665937748E-03
   -3.4215246362E-02    6.4690969263E-03   -2.5136392972E-03
   -9.0409370062E-02   -3.6445031341E-02    4.2442599223E-02
    1.8434541993E-02   -5.2365681459E-03    1.6230336214E-02
    1.7427754381E-02   -5.6740229989E-03    1.3972289911E-02
    1.3638750187E-02   -4.4227834448E-03    1.3628250455E-02
    1.5257294679E-02   -3.8770705057E-03    1.3338338517E-02
    9.8963887387E-03   -2.0473692585E-03    8.1110419289E-03
    1.1374190555E-02   -2.2353392629E-03    9.5860987065E-03
   -1.3766656489E-01   -1.5366432863E-02   -7.9209079565E-02
    4.0362739288E-02    1.2530341637E-02    4.5032416832E-02
   -9.2910668047E-02   -2.1359518909E-02   -5.5976513430E-02
   -2.2121013656E-02   -7.7121380110E-03   -1.8501368220E-02
   -3.2393943517E-02   -1.1656772536E-02   -2.5262512602E-02
   -1.6662269407E-02   -5.8816389330E-03   -1.2733218847E-02
   -1.8940512678E-03    3.9694491959E-03   -2.4405700944E-03
   -2.5553520545E-03    5.6162050505E-03   -4.7777276736E-03
   -2.4114595133E-03    3.6859255828E-03   -4.4077569248E-03
   -1.9203628997E-03    5.8514253786E-04    9.3940742647E-04
   -1.5917393963E-03    3.1773892570E-03   -3.4527759677E-03
   -1.0885326525E-03    4.1090309162E-03   -2.1398419987E-03
   -1.1082102551E-03    3.2845306559E-03    8.7111519969E-04
   -1.2299895891E-03    1.5929284903E-03    8.6043407907E-04
    5.3896382046E-03    8.5340886754E-03    1.7977976761E-02
   -7.8607518565E-04    3.2903330994E-03    8.3472053625E-03
    2.4803666355E-03    4.5017276885E-03    8.6586497353E-03
   -5.7086383250E-03    1.1987009850E-02    1.7662044005E-02
    2.1710099862E-04    6.1073069090E-03    4.4667256333E-03
   -4.0241548303E-03    5.4432064598E-03    1.2593661410E-03
   -5.1193304174E-04    6.8732299682E-03    2.7066506855E-03
   -1.5416275251E-02   -1.4087666760E-02    1.7439931923E-03
    8.2548189099E-02   -2.2729199699E-01    5.4967659443E-02
   -3.2662305204E-02   -4.1562250305E-03   -1.1506512788E-02
   -1.7955189732E-03    4.2387884682E-03    3.0989539153E-03
   -1.2552348978E-03    2.2009773437E-03    4.2966359801E-03
   -1.5494357572E-03    4.2076611256E-03    2.7639514096E-03
    8.0014579204E-03    3.7916706213E-03    5.5015378782E-03
   -9.6337836226E-04    5.3858308087E-03    1.9493294586E-03
   -7.3519939908E-03    1.1290618997E-02   -8.1003563050E-03
   -1.8715630630E-03    2.8804340130E-03    2.5846491201E-03
   -1.8216046695E-03    2.2437446163E-03    1.5730411769E-03
   -1.7788328569E-03    2.1825733506E-03    3.9564411396E-03
   -1.8843189621E-03    2.2442280469E-03    4.3610567885E-04
   -1.1333329417E-03    2.0114658599E-03    2.5613706594E-03
   -2.4949144740E-03    3.3571531128E-03    3.1133935005E-03
   -6.8009426117E-04    4.1857813493E-03    5.5091647786E-03
   -7.8521086244E-04    2.9731766294E-03    4.8391238042E-03
   -3.8737706553E-03    3.0726983047E-03    3.6537052487E-03
   -3.2624760259E-03   -2.7031764559E-04    4.6405481093E-05
   -1.3919706067E-03   -7.5767384411E-03    1.2284973300E-02
   -7.2817678715E-04   -1.0596955021E-03   -1.0910237930E-04
   -2.0822846179E-03    4.7031090128E-03   -4.6383836580E-03
   -2.2860523829E-03    3.6206768106E-03   -4.0791283986E-03
   -1.9180313139E-03    4.4441026189E-03   -3.9308200826E-03
   -1.8527213184E-03    3.8147204095E-03   -3.3940591433E-03
   -1.7046407968E-03    3.9224486275E-03   -3.3258442051E-03
   -1.3644662278E-03    4.1138506686E-03   -4.6588690024E-03
   -1.0371063390E-03    5.4924309510E-03    3.3253588445E-03
   -1.1387709898E-02    1.3422547108E-02   -1.1940902583E-03
    2.2403671626E-01   -1.2491027941E-01    1.3598280401E-01
    4.7865727193E-05   -3.9285193385E-03    3.3782731778E-03
   -2.3386769979E-03    9.0945689149E-04    2.7497165946E-03
   -4.7552311491E-03   -2.6576982779E-04    2.0533213770E-03
    1.0951754653E-01   -2.8877243155E-01   -1.2314812646E-01
   -1.2735180683E-02    7.4038651342E-03   -1.7921754134E-02
   -8.5142338454E-03    9.2205564281E-04    1.5060112605E-03
    1.1958440796E-04    1.2702468129E-03   -7.9587434614E-04
   -3.0490555852E-03    9.5020841757E-04   -1.0902770241E-03
   -1.9650457679E-03    7.9345774926E-04   -7.2219100024E-04
    9.6652694530E-03    2.2629951441E-02    4.1520296797E-02
    2.2163243662E-02    2.8810596340E-02    1.6813773556E-02
   -2.2991569937E-02    2.1566280972E-02    1.9951080860E-02
   -3.6763495524E-02    3.4118746439E-02   -1.3185414709E-05
    1.1870878600E-03    3.9351997660E-03    3.2444961546E-03
   -7.3157193953E-04    1.9852982523E-02   -2.5852302429E-03
   -1.9703639749E-03    1.6040022733E-03   -5.2638977431E-04
   -2.1003309378E-03    1.3439652860E-03    4.7507820121E-03
   -2.0860946676E-03   -5.5755675537E-04    3.0653311329E-03
   -1.4545073473E-03    1.0784863495E-03    1.8218254314E-03
   -1.6472720100E-03    1.6853987602E-03    4.4191761586E-04
   -2.2495038758E-03    1.9996402184E-03    8.1719098625E-04
    1.5158768320E-04    6.9086892248E-04    4.3610968589E-03
   -2.9056893607E-03    3.4504825446E-03    3.2347706219E-03
   -1.8379105898E-03    5.6652767860E-04    2.8889811622E-03
   -2.6795394848E-03    1.3363801641E-03    2.0519381579E-03
   -4.2633123058E-04    3.3604543709E-03    2.4043177941E-03
   -2.5948086835E-03    1.5723728831E-03    1.7733599894E-03
