   -6.1406262784E-03   -8.4599406308E-03    8.0526129706E-03
   -8.6515248617E-03   -1.8305805322E-03    1.6596814094E-03
   -4.3944105197E-03   -6.1943633772E-03    8.5134034641E-03
   -1.9450625923E-03    1.9378781618E-03    4.1053452228E-03
    4.1290751954E-03   -2.6695999448E-02    3.6447287455E-02
   -7.2906613406E-03   -1.5889552933E-03    1.0161204795E-02
   -4.4138481811E-02   -3.6968854368E-02    3.2380226507E-02
   -6.8915458611E-04   -1.8111606479E-03    7.1947876947E-03
   -1.8119305704E-03   -3.1774126375E-02    1.8137905092E-02
   -1.1834975456E-03   -2.3214638756E-03    2.4998872724E-03
    1.3359457356E-01   -4.0708771558E-02   -3.7468367137E-02
   -7.4987400100E-04   -2.5318191684E-03    5.8664866972E-03
    2.7578352331E-02   -3.0994677982E-02   -1.4724700719E-02
   -2.3462084786E-02   -1.9851591607E-02    1.1118925105E-02
   -1.4627764363E-03   -9.6892689321E-03   -1.5891319924E-03
    1.4055752763E-02    5.3289103768E-03    1.7386945301E-03
    4.9259541062E-03   -8.2105139588E-05    9.1743756906E-03
   -5.3661030583E-03   -7.7984012598E-04    7.0809722412E-03
    2.5812848730E-03   -2.2478223283E-02   -1.5584488630E-02
    1.7632014814E-02   -1.9600949824E-02   -1.1503281143E-02
    3.1483289478E-03   -2.1686442136E-02   -2.1364080895E-03
   -1.2423928425E-02   -1.6573926165E-03    6.5150831949E-03
   -4.3889698821E-02   -9.0509427571E-02    2.8845259322E-01
   -1.5113339018E-02    2.8320969483E-03    5.3430789870E-03
    2.0708567736E-04   -2.3933556255E-03    7.1156880192E-03
   -5.0002991125E-03   -2.1107594348E-03    8.1368270854E-03
   -1.8565072221E-03   -2.8982396485E-03    7.2894020336E-03
   -4.9474763216E-03   -3.4382369795E-03   -8.6277382811E-03
   -7.1119957972E-03   -5.6741986204E-03    2.3574953305E-02
   -4.7495169488E-03   -4.0121134682E-03    1.0502187061E-02
    1.1496434732E-03   -5.1126641460E-03    7.8314793699E-03
   -3.8057600217E-03   -3.6924723354E-03    8.0755008834E-03
   -4.6792816390E-04   -6.4465765678E-04    4.5060359395E-03
   -1.1189120223E-02   -9.0607665075E-03    2.1654902759E-03
   -3.5431554769E-03   -6.4129458440E-03    8.6036101898E-03
   -4.4310573875E-03   -5.8284568312E-03    6.5106755694E-03
   -4.1793615822E-02   -6.6179275585E-04   -8.8019192838E-03
    4.2328071450E-03   -3.3434632937E-03   -2.8639095266E-03
    2.5641795027E-03   -4.8376150486E-03   -1.6130187004E-03
    1.2961273175E-02   -3.1866023048E-03   -5.9543499713E-03
    4.0924097714E-03   -4.0279338936E-03   -1.2600635469E-04
    3.9905319065E-03   -4.5561703776E-03    1.3209896875E-03
   -1.2670700052E-03   -2.2159662902E-03    3.8441205253E-03
   -3.3030089635E-03   -2.1356859495E-03    6.0861393724E-03
   -2.5414143211E-03   -1.5139053003E-03    3.2948846489E-03
   -1.1527190859E-03    1.5613358348E-03    2.2982876667E-04
   -2.8935999104E-03    8.7708595158E-04    6.9589919612E-03
   -6.4579174538E-03    1.6080188413E-05    3.1951813035E-03
   -5.8857819614E-03    1.4156241725E-03    5.0432124138E-03
   -1.4936558434E-03   -9.2215481523E-04    5.1296489165E-03
   -3.4771237399E-03    2.8680733302E-03   -4.0726234832E-04
   -5.3322075579E-03    2.0344615073E-03    4.3869725389E-03
    7.9004220060E-03   -6.7296856394E-04    6.6982101723E-03
    1.1702383173E-01    1.0230487116E-01   -5.8460472534E-01
   -1.4728409344E-02   -1.5788448516E-03    7.2687597047E-03
   -3.0667645414E-02   -5.0903297184E-02   -1.9361264861E-03
    2.1945629181E-02    6.5548011979E-03    3.2678692332E-02
    1.3326822000E-02   -1.1732422239E-02    5.3713127273E-03
    1.1758196120E-02    8.3747705166E-02    9.7299817899E-02
    6.9453882705E-03   -3.7270333551E-03    3.4964751363E-03
   -4.0100070018E-03   -8.3947599865E-03   -7.2009294539E-04
   -3.6916166633E-03   -4.7449350326E-03    5.5070668556E-03
   -1.6148931103E-03   -5.7380268737E-03    2.0827170000E-03
    1.2196467666E-03   -4.9066107553E-03    5.6097462243E-03
   -1.3387169863E-03   -7.5030569702E-03   -5.8955411940E-04
    3.0401801458E-03   -2.9624199357E-03    6.7146324819E-03
    4.0214554440E-03   -4.0834391268E-03   -1.7831128951E-03
   -1.2249669461E-01   -6.5885562482E-02    7.2382382719E-02
   -2.3461763326E-02    1.5173576525E-03    1.0018595563E-02
    4.5547815308E-02   -2.4770307485E-03    4.0698166195E-02
   -5.9055599560E-03    6.6135827383E-03    2.0783493671E-02
   -5.8731789122E-03    1.9265764379E-03    1.4289168117E-02
   -2.1735447725E-02   -1.6424039659E-02    5.8355345380E-02
   -4.5403342125E-03    2.7026955197E-02    3.6084615116E-02
    9.1036504236E-03    3.9570279356E-01   -4.9715443725E-01
    4.1977617973E-02    5.6614654776E-02   -1.6666473908E-02
    2.4702516959E-02    4.9191064656E-02    4.3395200427E-03
   -7.4196832249E-03    2.2748604555E-03   -1.5195647352E-02
    3.8372640277E-02    3.6333451347E-02   -6.9195901312E-02
    1.7709464015E-02    1.4913603234E-02   -3.7399083087E-02
    4.2832875045E-03    1.5673961888E-02    4.7406529094E-03
    8.0609349731E-05   -1.0090573921E-02    8.8859201539E-03
   -1.7971401168E-02   -1.2076678365E-02    1.1511030685E-02
   -1.0999261166E-02   -5.0128698274E-03    5.8422870944E-04
    5.7967624824E-02   -3.5892918756E-02    4.2988035437E-03
   -4.2962344983E-03   -2.0240907243E-03    2.6219424633E-03
   -3.1869255744E-03   -3.5961230111E-03   -3.3749146116E-04
    4.8236103473E-03   -5.8619683604E-03   -1.4668255909E-02
    3.3644260019E-03    2.9425163098E-04    4.3208617513E-03
   -8.3373272287E-03   -6.0512606658E-03    6.6838899311E-03
   -1.1912827774E-02    1.4775527846E-03    4.9490265827E-03
   -3.0334609608E-04   -2.4592649853E-03    1.6246095049E-03
    2.9365349159E-05   -1.1583698791E-02   -2.0231823592E-03
    4.7984143355E-03   -1.7352020003E-04    5.2974965753E-03
   -2.8559998700E-03   -8.8442680797E-03    6.9635302740E-03
    3.5244247340E-03    4.3755421879E-03    9.9478441089E-03
    2.5020034037E-03   -1.0494063017E-02    5.6868265991E-03
    4.7455098687E-03   -1.6000437262E-02   -2.2040756913E-03
    2.3763064243E-03    2.6425830677E-03    4.1828120343E-03
   -2.6529517089E-04   -2.1482471872E-02    1.1718506974E-02
    1.7147676830E-03   -3.0446584897E-03    8.2911448259E-03
    7.9098184622E-03   -2.9763834972E-03    5.1790588495E-02
    4.0503808247E-05    3.6634942124E-04    5.8175372854E-03
   -4.8526887628E-02    2.9843878864E-02    2.4366332610E-02
   -1.5431313479E-02    2.2395750369E-02    4.3715192014E-02
   -2.5494273925E-03   -1.9747960421E-03    1.8547612232E-03
    7.5144774997E-03   -4.7552950919E-03    2.6082003614E-02
    4.0045846876E-03   -1.4785575545E-02    8.1491326133E-03
    9.6890019035E-03   -1.0601923546E-02    9.5675861415E-03
   -3.4144335949E-03   -2.3607029885E-03    6.7385081568E-03
   -7.0185740225E-03   -5.1722345407E-04    3.6555364808E-03
   -2.9185269399E-03   -4.1065772098E-03    8.0999529627E-03
    1.1896768584E-03   -1.7674215599E-03    5.4880561438E-04
   -3.4768427014E-03   -1.2969840135E-03   -3.3223535929E-03
   -3.5714947586E-03   -4.3264536338E-03    3.7850186222E-03
   -6.4699413911E-04   -4.6432694841E-04    2.2272745236E-03
   -2.6482207443E-03   -6.9851593543E-05    3.9168053013E-03
    2.3632982899E-04   -7.5425856656E-03    1.8957427188E-03
   -4.2572003907E-03   -7.1721838929E-04    2.5400095914E-04
   -1.4972842894E-02   -1.8053248918E-02    2.1500951092E-02
   -3.7738724669E-03   -1.0276918021E-03    5.0031557067E-03
